0.0
0.0
0.0
0.0
0.0
0.0
0.0
0.0
0.0
0.0
0.0
0.0
0.0
0.0
0.0
0.0
0.0
0.0
0.0
0.0
0.0
0.0
0.0
0.0
0.0
0.0
0.0
0.0
0.0
0.0
0.0
0.0
0.0
0.0
0.0
0.0
0.0
0.0
0.0
0.0
0.0
0.0
0.0
0.0
0.0
0.0
0.0
0.0
0.0
0.0
0.0
0.0
0.0
0.0
0.0
0.0
0.0
0.0
0.0
0.0
0.0
0.0
0.0
0.0
0.0
0.0
0.0
0.0
0.0
0.0
6.243868573974498e-05
0.0003841566597208039
0.0008561507926009099
0.0010815650309494809
0.0012530068460314926
0.0011937430087191922
0.0006243868573974498
0.0004095554471403611
0.0002698621163327961
6.455525135804142e-05
0.0
0.0
0.0
0.0
0.0
0.0
0.0
4.2331312365928794e-06
6.138040293059675e-05
0.0
0.0
0.0
0.00016615040103627054
0.000659310190099341
0.0017895562302696398
0.0024118265220487932
0.004642686683733241
0.006588868769756818
0.01093311970131026
0.014395821052843236
0.015128152756773804
0.016446773136972487
0.017483890289937742
0.016973797975928302
0.014887922559097157
0.012149086649021566
0.00821015803337189
0.004204557600745878
0.0018488200675819404
0.00035664130668295013
4.973929202996634e-05
0.0
0.0
0.0
0.0
7.40797966403754e-06
0.0
0.00026774555071449967
0.0019345409751229461
0.004184450227372061
0.00812126227740344
0.018486084110201105
0.03679437670846532
0.05614825272216795
0.07593496640481223
0.09570686412812843
0.12077123417999486
0.14241735075831258
0.15729680705493654
0.15912446146633552
0.15206677341212602
0.1364094792507781
0.11917957683503594
0.10568223788715954
0.08330061475648384
0.056965247050830385
0.02810269999693098
0.007578363196310403
0.001059341091957368
0.0
0.0
0.0
0.0
5.82055545031521e-05
0.00020424858216560647
0.0020562434981749914
0.008699084691198369
0.022358340908874445
0.046726360872321356
0.08735701276394897
0.1466367243183865
0.21705592072191823
0.2874200864193742
0.3545205079334171
0.4067827461803928
0.44159813403575093
0.46089380449495043
0.46795784224601483
0.4527958244393483
0.4233501635576082
0.38199987935575974
0.3287153399151469
0.2645696440042458
0.18953633455282792
0.10662199302168317
0.03412009604974776
0.006469282812323069
0.00015027615889904724
0.0
0.0
0.00012699393709778638
0.0
0.0011387123026434848
0.00679523391754072
0.022032389803656793
0.051786010982858996
0.10259099380163761
0.184424828584642
0.29648533696253787
0.4207616038064316
0.536838295445045
0.6335748687464746
0.6993132802851438
0.725218985170283
0.7311199701140936
0.7264656423194596
0.702570674771702
0.6544981781661441
0.589552420451527
0.5096965162388206
0.4230422032601461
0.3225508425518585
0.20149598857901194
0.08163805246331199
0.017373828877786327
0.0013355529051450536
0.0
0.0
8.360434192270938e-05
0.0
0.0010868564449952219
0.010788134956456955
0.03601442227812308
0.08452398968385919
0.16606891325996612
0.2864951472441787
0.4382275032886139
0.590074153876437
0.7056576857259873
0.778447435622011
0.8077639860010352
0.8053976656397795
0.7948857424965105
0.7734830309642968
0.7380654801905332
0.6863440244590323
0.6196573915233664
0.5478846514069341
0.46483379139340925
0.3797637277800296
0.2576812811995001
0.1175963857525502
0.02388967613371192
0.0012466571491766031
0.0
0.0
0.0
0.0
0.0014339732063958382
0.014123842370892144
0.04738778762803899
0.114481859445227
0.2267169844866323
0.37302140800294625
0.5355493069835024
0.6847185020641806
0.7643754491087672
0.7749424029581122
0.7514495828778308
0.7112401275442441
0.674111333468088
0.6400007619636227
0.6004061689421512
0.5549910204703644
0.5078413464743837
0.457220504864397
0.39312348996271673
0.3308043901804055
0.2386893379065261
0.11637195254236571
0.021614368094043244
0.000957745942279139
0.0
0.0
0.0
0.0
0.002726136516365815
0.017827832202910912
0.06110736596583652
0.14671186239783604
0.2901483395013583
0.4559611483215106
0.6232375622667148
0.7527914854798308
0.7681334113640524
0.7085161075934967
0.6205505822142875
0.5405211196208808
0.48385325003942103
0.44051868557041973
0.4011040006265035
0.36307778272818964
0.323289523952644
0.2905356710095066
0.2553054362929623
0.21452662480805396
0.15859955319299798
0.07731390890513236
0.014029655200877953
0.0008487428129368724
0.0
0.0
0.0
0.0
0.004828944458143328
0.023099138875278195
0.07626620892407562
0.1830839842654512
0.35115093546908915
0.5523929361739055
0.72863935520945
0.8224762336138136
0.7729602392565775
0.6417352874878166
0.5079683404114816
0.40724415748518145
0.3346438402119952
0.27487308543411293
0.22865152546175527
0.18839233083613868
0.15704705231197755
0.13262294335964578
0.11279707321306302
0.09548144988977986
0.07241194293315781
0.03695946882669244
0.007730755920827747
0.0003545247410646537
0.0
0.0
0.0
0.00025398787419557276
0.006474574226368809
0.029468943103541333
0.09217749095961911
0.21939472573013577
0.41910115807887804
0.6607473381541643
0.8512064953165694
0.9089178317478493
0.8094064409208331
0.641881330515479
0.4899796492215801
0.3866785476550041
0.30980276783285904
0.2332434145706494
0.1635025774477817
0.10653098070009642
0.06866244694034566
0.04781321731731658
0.03595198359238333
0.030804496008686386
0.023347835335428026
0.011980819682366998
0.002940967926622903
0.00011852767462460063
0.0
0.0
0.0
0.0012244332101844905
0.00821650773022678
0.034278838471119996
0.10787076673647805
0.254360389744393
0.48703550644652976
0.7563727145059884
0.9634045804596546
0.9988073152740901
0.8814363437598883
0.7222970663342249
0.5905260406359434
0.5018101927450481
0.41665017509289076
0.329551383334374
0.2331524022490626
0.1418479946069908
0.07612016589641317
0.03562920733559312
0.016731451212633357
0.009105465289911284
0.004019358109144939
0.0018414120879179027
0.0007831292787696828
0.0
0.0
0.0
0.0
0.0010603993747665165
0.008253547628546968
0.03683882458644954
0.11175995606009777
0.2622117899054636
0.4987432891641365
0.7818244160660031
0.9767918579953796
1.0
0.9142981415495589
0.8008608072369612
0.7074652327640125
0.6250472258703583
0.5491905723934231
0.47118137168268026
0.370456130473571
0.24729211886209201
0.13778207205424337
0.06457747529703353
0.02655866537838373
0.009535128110425463
0.0025917345996039906
0.000491043223444774
0.00010159514967822911
0.0
0.00011958595743374886
0.0
0.0
0.0006444942307712659
0.006370862511072284
0.03225011032598286
0.09525497736862212
0.22060963439503792
0.4243968052558557
0.6665086297671673
0.822658258256987
0.8487301135431626
0.808784170629054
0.7516157332788671
0.7017822540788866
0.6565808787345477
0.607059592963266
0.5569255614454873
0.4781512222637304
0.35051808234921855
0.21706650355000967
0.11153560010455836
0.048804828309488464
0.017571727763097043
0.005328453944061288
0.0003344173676908375
0.0
0.0
3.915646393848414e-05
0.0
0.0
0.0011556448275898562
0.005103039705712717
0.0267269323450383
0.07448829380470662
0.15556545637917005
0.29095369271912014
0.44286913168953795
0.5448145729775952
0.5680989113444743
0.5601247503775425
0.5533369244396658
0.5577340895116766
0.570403851302799
0.5849129086162211
0.5856664059763347
0.541358221322917
0.4298046304106032
0.28316790609221665
0.1575529114947504
0.078032482932544
0.02979277764314069
0.008542458835444432
0.0006646016041450822
0.0
0.0
0.0
0.0
0.0
0.0020139121858090627
0.009890711134299264
0.03742299669709935
0.07844309666249351
0.11785249019236407
0.17183443800420564
0.23805542650384634
0.2815847150097309
0.29679329726
0.31276807626409237
0.3454319751684522
0.4046545394511957
0.4720301144956171
0.5340264380211383
0.5814840723145809
0.5724315211651271
0.4770791817780633
0.33080333189759636
0.19364035528670467
0.10109564019231117
0.042901726800059686
0.012684577750450565
0.0006868255431371947
1.904909056466796e-05
0.0
0.0
0.0
0.0
0.0023409215738358627
0.020877803258876084
0.0750851653090662
0.1335997383924896
0.14759658682628396
0.14377301103683143
0.1445931802139213
0.14279621600398762
0.1490898238699921
0.16747854596175155
0.22020219551351589
0.3111700692222786
0.4140393914027221
0.5180230853811988
0.5864336610129671
0.58631830818677
0.4964319995089568
0.35393739410557645
0.21714375819507753
0.11490411428607714
0.051719339165882665
0.01583085254204822
0.0006804758462823055
6.138040293059675e-05
0.0
0.0
0.0
4.6564443602521676e-05
0.0033050172129698912
0.035984790359466924
0.12376723281269349
0.2256502354150109
0.24573855969826244
0.21037392306495636
0.1706025968143571
0.13825406618712346
0.1291644751393494
0.15024546869758193
0.2125127126222449
0.3154719888414661
0.4340949089188901
0.5446145575266661
0.6130664061879914
0.5948448927800772
0.49062626001796966
0.3543025016747326
0.21959156633263735
0.12101252266048065
0.053991472357123885
0.016564242528787937
0.0007143408961750485
0.00014075161361671326
0.0
0.0
0.0
0.000572530999749187
0.0038077015473152957
0.043971650720108536
0.1643915350074662
0.31733668315118524
0.3868372900763763
0.36689712538640556
0.3074004658560926
0.25518902518395603
0.23175123580975038
0.24630897413239333
0.3014359839437332
0.39890171410066605
0.5159626087517872
0.6085803453600119
0.645616010548963
0.5960291112435141
0.47401862789400667
0.3362376141225724
0.20626355263422466
0.11099905072032021
0.047796284792370206
0.012896234312280208
0.0008423931160819831
0.0001640338354179741
0.0
0.0
0.0
0.0006085126152602265
0.004288161942668587
0.0374875519484574
0.15952660893381182
0.35367176512048026
0.49901420956327847
0.5555127538952745
0.5385918700598036
0.4921110307992046
0.4555134946932409
0.44885054612684366
0.4900907689165407
0.5636128505164949
0.6486321165550355
0.6975967455687053
0.6843047134858037
0.5896984634791894
0.442177014732355
0.2957593549554622
0.17107564923004634
0.08945241272606244
0.0351085321934922
0.007850341878261495
0.0008222857427081669
0.00018202464317349385
5.2914140457411e-05
0.0
0.0
0.0002529295913864246
0.0033812135752285632
0.026708941537282774
0.11642909981405972
0.2975891259324795
0.5013075084107026
0.6478839106089678
0.7208863753496302
0.7359277489160538
0.7247914389153872
0.7139937794136479
0.7306278686078396
0.7619858465257104
0.7888641133124571
0.7683641170164468
0.6801784688129348
0.5257739486754004
0.3642884582618552
0.22562801147601877
0.12463290815057673
0.05728484845919315
0.02023119246248652
0.0035526553903105743
0.0008148777630441294
0.0001640338354179741
0.0
0.0
0.0
2.5398787419557278e-05
0.001424448661113504
0.01526255467353563
0.06529710760725431
0.18587467603317506
0.3646398081544924
0.5582769885927696
0.7176427385395909
0.8184960319686072
0.870509573755433
0.8894507194735679
0.8897364558320379
0.8701359999238036
0.819173332966462
0.7145282122322677
0.559079166962104
0.39326000844509684
0.2442326232608445
0.13755348296746733
0.06639348859753189
0.027620123035959395
0.00920388559116207
0.0018011973411702705
0.0007333899867397164
0.00011006141215141487
0.0
0.0
0.0
6.032212012144854e-05
0.0008169943286624259
0.006851322906425575
0.02866253160297039
0.08906402293510504
0.19809995904445532
0.34535789537181183
0.49832526745452294
0.6354300385109115
0.7331275326030476
0.7784707178438123
0.771092370098431
0.7144414330419175
0.6095835974630845
0.473664103152942
0.32684323762576367
0.19964716851143002
0.11369026390398412
0.05750179643506854
0.024405059861767102
0.009473747707494866
0.0034383608469225665
0.001131304322979447
0.00044871191107884525
6.138040293059675e-05
0.0
0.0
0.0
0.0
0.00037039898320187704
0.0012720559365961605
0.006458699984231587
0.026347008816554086
0.06858942542651444
0.13206840316765212
0.21384403239615335
0.28890379891780005
0.3512789876889961
0.38337776357327075
0.3732574050693863
0.32334667122433797
0.24733233360883966
0.1688119823012783
0.10746332785495599
0.06246302624435539
0.03264696637941344
0.01529747800623752
0.006832273815860908
0.0032648024662222585
0.0015207523967459922
0.0006815341290914537
0.0
0.0
0.0
0.0
0.0
0.0
0.00026880383352364786
0.0004645861532160686
0.0006434359479621178
0.0036912904383089914
0.011246371412818134
0.023671669875027383
0.03945066655942735
0.05384648761227058
0.06313503582816452
0.06549183164413759
0.06093380758513622
0.04781639216574403
0.03548104774231237
0.02506013692062985
0.017346313524748472
0.010098134564892315
0.004805662236342067
0.001769448856895824
0.0016043567386687017
0.0016445714854163337
0.0010318257389195144
0.0005450156467113333
0.0
0.0
0.0
0.0
0.0
0.0
0.0
0.0
0.0
0.0001598007041813812
0.00023176393520346017
0.0008498010957460206
0.0017821482506056026
0.002993882067080314
0.0039188212422758585
0.004450079212468265
0.003954802857786898
0.003000231763935203
0.0031642655993531776
0.0025102468232995776
0.002135614708861108
0.001438206337632431
0.0008307520051813528
0.0006804758462823055
0.0005524236263753709
0.00020424858216560647
5.2914140457411e-06
0.0
0.0
0.0
0.0
0.0
0.0
0.0
0.0
0.0
0.0
0.0
0.0
0.0
0.0
0.00012064424024289707
0.0002698621163327961
0.0002698621163327961
9.101232158674693e-05
0.0
0.0
0.0
0.0
0.0
0.0
0.0
0.0
0.0
0.0
0.0
0.0
0.0
0.0
