0.0
0.0
0.0
0.0
0.0
0.0
0.0
0.0
0.0
0.0
0.0
0.0
0.0
0.0
0.0
0.0
0.0
0.0
0.0
0.0
0.0
0.0
0.0
0.0
0.0
0.0
0.0
0.0
0.0
0.0
0.0
0.0
0.0
0.0
0.0
0.0
0.0
0.0
0.0
0.0
0.0
0.0
0.0
0.0
0.0
0.0
0.0
0.0
0.0
0.0
0.0
0.0
0.0
0.0
0.0
0.0
0.0
0.0
0.0
0.0
0.0
0.0
0.0
0.0
0.0
0.0
9.354406458807379e-05
0.00025191252481174254
0.0003003256810459211
0.00024698915299131767
0.00035366220910052463
0.00033560984575896645
0.00037745850623257843
0.0003643295147114453
0.00020103768266735157
6.236270972538252e-05
7.385057730637404e-06
0.0
0.0
0.0
0.0
0.0
0.0
0.0
0.0
0.0
0.0
0.0
2.051404925177057e-05
0.000624447659223896
0.0009920594218156247
0.001856111176300201
0.003821357094619821
0.007246382757695435
0.012209962114653842
0.020131667373717566
0.027085109508097716
0.03114853238388843
0.03330907205108491
0.031132121144487015
0.02677986045523137
0.021946750451514223
0.014935048417259044
0.0090360284144199
0.005124409503092287
0.0019184738860255834
0.00042258941458647373
0.0
0.0
0.0
0.0
0.0
0.0
3.118135486269126e-05
4.1848660473611956e-05
0.00020021712069728074
0.0017953895905149602
0.007421983019290591
0.017528844804652916
0.03862877530305405
0.07107215447571424
0.11586417073597025
0.17607044360400664
0.23549143866668526
0.283872592984031
0.316290534735619
0.32035723985929004
0.3019339825072599
0.2549272694897828
0.1935139499637722
0.13524912671692335
0.08307123216405987
0.04211534311388497
0.017128410563258353
0.005897378878899002
0.0005038250496234851
2.461685910212468e-06
0.0
0.0
0.0
0.0
0.0
7.385057730637404e-05
0.0019504758028583457
0.011405811383984435
0.035711677499452275
0.07833658959675123
0.1445871219363293
0.2397485141674127
0.35951773931895
0.4913024533982343
0.6160910561206948
0.7168339108721999
0.7867055831857005
0.7996015351073336
0.7667880824861715
0.6778014190798711
0.540088965328795
0.3922458534952248
0.2610256860513491
0.15063876646560162
0.0690092616829562
0.021799049296901473
0.004440881382023292
0.0003323275978786832
0.0
0.0
0.0
0.0
9.02618167077905e-06
0.00038566412593328667
0.007463011117794132
0.03142834401568258
0.07684316681122233
0.15442648051944854
0.26625594804858055
0.40974105525910476
0.558648435967857
0.6984795807256559
0.8051772536939648
0.8788120232022102
0.928733372337379
0.9555920067417372
0.9552580380199184
0.9044291473458512
0.780941955907923
0.6147043063912752
0.43552311235873
0.27353105047522847
0.13942578714458384
0.04789620219303393
0.010145428197955652
0.0010560632554811487
0.0
0.0
0.0
0.0
0.0004160249188259071
0.0005825989987502841
0.012496338242208558
0.048615014478815964
0.10637683323801139
0.1973336659344519
0.30990574204649796
0.43318697242993837
0.547549514760679
0.6306757245767336
0.6778867575247584
0.6988414485544571
0.7169052997635962
0.7522871113510798
0.80500575624222
0.8354748633148898
0.7968198300287935
0.6779885072090472
0.5228038274292532
0.34669809966053355
0.1848857408484775
0.06858831339230985
0.01463144048833284
0.0013457216309161492
0.0
0.0
0.0
0.0
0.00016165070810395207
0.0006925543027397744
0.01532071254319233
0.05246755292829848
0.10105795054801231
0.17244766250614396
0.2496083867997837
0.3216717801353435
0.3783012233758412
0.40657942998842184
0.4072678814813113
0.3993986921883321
0.4128567290594637
0.4699670216144229
0.5799297106616437
0.6896659246051251
0.7321086719450683
0.6747948800215315
0.5354281733387928
0.35624944099215794
0.1897541350169077
0.07293072733792465
0.014349987732598548
0.0007253767815426072
0.0
0.0
0.0
0.0
0.0001731385756849436
0.0008287675897715309
0.011733215610042693
0.037678564541712034
0.07051827514591644
0.11479333736502781
0.15336631445411705
0.18182422413814325
0.19992992400775594
0.20748812031407832
0.20716235721196016
0.21754492781926632
0.2640724326462221
0.374753113417255
0.5371497123520014
0.6805191203247456
0.7369573726262167
0.6632282384914132
0.4983289255479508
0.31238383919611185
0.1537437729603496
0.056867406211818225
0.011170310098574108
0.00014934227855288972
5.0874842144391e-05
0.0
0.0
0.0
8.615900685743638e-05
0.0005522382058576636
0.008694674634870437
0.021489697434184774
0.03768266735156239
0.05784879832802293
0.07421900963093585
0.08731353754932603
0.10025790262719327
0.12211521182396977
0.16078747691143758
0.23124338934762861
0.3517511202722296
0.5165815060102061
0.6844652028388162
0.7873382364646252
0.765311070940044
0.6155051748740642
0.4105698228488762
0.22944143526135308
0.09962853159614893
0.03201668694822336
0.006013898678649059
5.0874842144391e-05
0.0001518039644631022
0.0
0.0
0.0
6.318327169545335e-05
0.00047510538067100635
0.004950450365437273
0.011327857996827707
0.018654655827590082
0.026606721879546425
0.03728551535804811
0.05684525103862632
0.09977459162682153
0.17904580130748343
0.29904150156276027
0.45553990105663766
0.6269667844720135
0.7823935300329784
0.8812384249477097
0.8758875403408778
0.7487266929629426
0.5279627005350884
0.3123214764863865
0.15097519687333066
0.05330534669974079
0.013660715677739056
0.0023246520612106407
1.2308429551062339e-05
0.00016493295598423536
0.0
0.0
0.0
1.0667305610920696e-05
6.400383366552418e-05
0.0019455524310379208
0.005311497632268435
0.010499090407056178
0.01688388309617725
0.03569608682202093
0.08553455919821248
0.19060423721790104
0.3561616408613603
0.5578574142287087
0.748684023740499
0.9016581095729221
0.9897298463825936
0.9962885982093697
0.9129137581163836
0.7284030140882285
0.48645949665087634
0.27468147835726775
0.12137342380302574
0.04020753653347031
0.009896797921024193
0.0013728001759284864
0.00012800766733104835
0.0001739591376550144
0.0
0.0
0.0
0.0
0.0
0.0008205619700708227
0.0033076853013554865
0.0069329280851283814
0.018137701786445463
0.050225777626064984
0.1347247876180481
0.2904387298685378
0.5059593313076394
0.7257657279164208
0.8960405423258173
0.9842000792662863
1.0
0.963190410584593
0.8882378185524139
0.7474876443881356
0.5552119224372004
0.3405906569172964
0.16671357545928905
0.06530278326414629
0.01760433650589943
0.003354457333649523
0.00042012772867626127
8.615900685743638e-05
0.0
0.0
0.0
0.00013128991521133164
7.467113927644486e-05
0.0008976947952574801
0.0033044030534752026
0.00840911906928579
0.02002827656548864
0.058787521221783955
0.1512271093981424
0.3095955696218112
0.5005149026362194
0.6691288996181924
0.773121179771178
0.8065270781347313
0.805097659182868
0.7918464039281943
0.7865414707916865
0.760387699119619
0.6612416579618718
0.4755049943504308
0.2704227617326002
0.12282335680414089
0.04088121791089845
0.009153368776140028
0.0009731864965039958
3.364304077290373e-05
0.0
0.0
0.0
0.00018544700523600593
0.0009198499684493923
0.0029999745625789278
0.007725590948216796
0.014913713806037203
0.025001702666087897
0.05297958359762266
0.11791639622311736
0.22649479722682875
0.3508706572783436
0.44328726971954013
0.4847863707939019
0.49201962456007625
0.4981147588737623
0.5305605997323327
0.6064461707244824
0.7016305386907277
0.7144961298194681
0.5901686829241874
0.380744036360742
0.1912951503967007
0.0779689778341595
0.02002581487957843
0.0023123436316595785
4.102809850354114e-06
0.00017149745174480194
0.0
0.0
0.00016329183204409373
0.002805501375672143
0.009049157405941033
0.019106785473099106
0.028609713648489302
0.03579619538236957
0.050466202283295736
0.08003351175085768
0.1275703078010006
0.17151386298420335
0.2043018781842933
0.2136612080149211
0.22094861887112008
0.24581328768820615
0.3121688519599533
0.4420047313603195
0.618548639221057
0.7197001338336573
0.6461072129858856
0.4516315643931903
0.2491636422120053
0.10928490485994237
0.03377925405993549
0.004525399264940587
1.6411239401416456e-06
2.8719668952478793e-05
0.0
0.0
0.00020185824463742237
0.004275948426039057
0.019572864672099333
0.040749107433717055
0.05551019671332109
0.06332851116415587
0.07121165001062628
0.07582977277818487
0.0754941629324259
0.07872881821844509
0.08099603094175076
0.08406903551966599
0.09408399436438039
0.1260202662395368
0.21452115695955534
0.3742230303845892
0.5805303620237355
0.7060057751151454
0.6602044676317022
0.4730703869852307
0.2799191254122298
0.1321941745023497
0.04343890957160921
0.00494634755558692
0.0
0.0
0.0
0.0
0.00020760217842791815
0.007388339978517688
0.035604183881373
0.07494520697444852
0.10633006120571735
0.12557716277569855
0.1307089573365215
0.11990543843856903
0.09679266942758419
0.07925315731732034
0.06711458409406267
0.061870372543340026
0.07306940231086662
0.11797465612299239
0.23288861609762063
0.4191200785770142
0.6130713880708342
0.7132726719220925
0.6533560574294911
0.4674396907466047
0.2829880271802947
0.13782240905506546
0.04260521861001726
0.004157787502348858
0.0
0.0
0.0
0.0
0.00032740422605825826
0.011761114717025102
0.05168555737082098
0.11313908443336504
0.176028594943533
0.21687452868971843
0.2338929839489873
0.22460832525763594
0.1928025227357208
0.15667153806956233
0.1266028652382871
0.11961988287298439
0.14526080331375746
0.22245188840028982
0.3645961973517183
0.5526107409920759
0.7031370904677777
0.7319183015680119
0.6242548271609294
0.4334364232688399
0.25664142344526075
0.11758735087311896
0.03081128141418932
0.002928585671182766
1.7231801371487278e-05
0.0
0.0
0.0
0.0005973691142115589
0.013361210558663206
0.06181129208149493
0.13947091805293774
0.23181696216470812
0.3102446341401372
0.3677471553167902
0.3950562782427173
0.37627443530976623
0.33477615479737455
0.302351648550026
0.30131199653394625
0.35244859794678984
0.4575010441651069
0.5985449795146704
0.7341280749534126
0.7842972338035428
0.7190691216786729
0.5489190326887272
0.3589540132455113
0.19417860515952956
0.07752997718017161
0.01775614047036253
0.0015746584205659085
1.7231801371487278e-05
6.400383366552418e-05
0.0
0.0
0.00046525863703015646
0.011208876511167438
0.05315682498315796
0.12862308880860146
0.23719082250670193
0.36515582061530655
0.48270460507583224
0.5760016805109147
0.6147765158446413
0.6183434987285392
0.6095651267727216
0.6265794792221401
0.6815513872830947
0.7610958440997901
0.833819789821257
0.8501071243651928
0.770768628602985
0.6087051778280873
0.4158542419361324
0.2414922083538132
0.11340084370181763
0.03690395404196518
0.006937030894978735
0.00041848660473611956
0.0
2.707854501233715e-05
0.0
0.0
4.020753653347031e-05
0.007801082649463311
0.034983839031999454
0.09407414762073954
0.18478399116418873
0.32315289449132134
0.481149640142548
0.6365575127782013
0.763084886315242
0.843898752499637
0.8915020140693556
0.9196046204203411
0.934446124773012
0.9267238160726756
0.8750161035286627
0.7575986089833483
0.5894244332173333
0.40359340497933416
0.24004309591466813
0.12171395702060513
0.0478010170045057
0.01348429485417383
0.002115408758842581
4.5130908353895245e-05
0.0
4.102809850354114e-06
0.0
0.0
0.0
0.003017206363950415
0.016156865190694498
0.050764886840401514
0.1069274303199289
0.20105573503069313
0.33065365145973874
0.4799204383113819
0.6252436043348647
0.7476673474595812
0.8276294703190427
0.8512583728092021
0.8242093680277875
0.7359062327425561
0.6072125756045286
0.4532209929292175
0.3060449979773147
0.18506134111007264
0.09681400403880601
0.03943538771963367
0.012532442968891675
0.0031082887426282764
0.0004701820088505814
0.00019037037705643087
9.846743640849872e-06
6.646551957573664e-05
0.0
0.0
0.0
0.000694195426679916
0.005074355222917968
0.01726462385029011
0.03850322932163321
0.07488612651260342
0.12554680198280593
0.19008974486266667
0.26173383103152026
0.32471770616824636
0.3695006962468316
0.3765837871724829
0.3544630775833137
0.29556560105754026
0.22276370194891673
0.15132721795849105
0.0920588474222456
0.047157696419970176
0.02100474530987292
0.007381775482757122
0.0026643647168199617
0.0007828161194475648
0.0001559067743134563
0.0
0.0
0.0
0.0
0.0
0.0
4.759259426410772e-05
0.00016000958416381042
0.001596813593757821
0.0039001310437466203
0.008578975397090452
0.014587130141949015
0.02377578308280209
0.03243599411492955
0.04104286861900241
0.04527943007047807
0.04682947163194185
0.04399935339716758
0.03668158174807599
0.028062398814452064
0.01977800516461704
0.011770140898695882
0.006472592819918649
0.00368022043576764
0.0014663442405165603
0.0005817784367802133
0.0002781705078540089
0.0
0.0
0.0
0.0
0.0
0.0
0.0
0.0
0.0
1.3128991521133165e-05
0.00010339080822892366
0.0002133461122184139
0.0004677203229403689
0.000513671793264335
0.0006589112619668707
0.000953493009222296
0.0012250990213157381
0.0013654151181978491
0.0017395913765501441
0.0013449010689460784
0.0010757567427628486
0.0013161813999935997
0.0012250990213157381
0.0009575958190726501
0.0006900926168295619
0.0004685408849104398
0.00025191252481174254
3.692528865318702e-05
0.0
0.0
0.0
0.0
0.0
0.0
0.0
0.0
0.0
0.0
0.0
0.0
0.0
0.0
0.0
0.0
0.0
0.0
0.0
0.0
0.0
0.0
0.0
0.0
0.0
0.0
0.0
0.0
0.0
0.0
0.0
0.0
0.0
