0.0
0.0
0.0
0.0
0.0
0.0
0.0
0.0
0.0
0.0
0.0
0.0
0.0
0.0
0.0
0.0
0.0
0.0
0.0
0.0
0.0
0.0
0.0
0.0
0.0
0.0
0.0
0.0
0.0
0.0
0.0
0.0
0.0
0.0
0.0
0.0
0.0
0.0
0.0
0.0
0.0
0.0
0.0001878888757741383
0.0003059216310681483
4.275676339731993e-05
0.0
0.0
0.0
0.0
0.0
0.0
0.0
0.0
0.0
0.0
0.0
0.0
0.0
0.0
0.0
0.0
0.0
0.0
0.0
0.0
0.0
5.178988242492273e-05
0.00010237534897949842
0.00018608225196861775
0.000701572244477151
0.0012092335338284286
0.0016560718217271805
0.0009858143898790524
0.00028966201681846317
0.00010839742833123364
0.0001523586075989006
3.6132476110411207e-05
0.0
0.0
0.0
0.0
0.0
0.0
0.0
0.0
0.0
2.529273327728785e-05
6.022079351735201e-06
0.0
0.0
0.0
1.7464030120032086e-05
1.9872861860726164e-05
0.00023726992645836697
0.00045828023866704883
0.000820809415641508
0.0017927730230115695
0.005209700847186123
0.007378853829681143
0.008029840607603717
0.006577917275900361
0.005395783099154741
0.004135964098771737
0.0030417522805614504
0.0017289389818831763
0.0010562727182943546
0.0005257275274064831
8.792235853533395e-05
0.0
0.0
0.0
0.0
0.0
0.0
8.671794266498691e-05
2.1077277731073208e-05
3.974572372145233e-05
0.00018307121229275015
0.00024630304548596977
0.00032459007705852735
0.0008732015060016043
0.002358246274139505
0.007708863778156232
0.021744524123245467
0.056833373882000965
0.11030943852540956
0.1596067823066491
0.18165542143715718
0.17788258872329507
0.16795217987228375
0.1425889882665806
0.11522164865261997
0.07646475036072256
0.03991915960678231
0.016437265590561235
0.005087452636345898
0.001076747788090254
0.0
0.0
0.0
0.0
0.0
5.781196177665794e-05
0.0001457343203119919
0.0001878888757741383
0.000523318695665789
0.000820809415641508
0.0010851786991826833
0.0018228834197702454
0.0044075598775349945
0.01462642632949446
0.04286395640978082
0.10849016835325034
0.21200971240957847
0.30810463483315226
0.3600468758656739
0.35996377117061995
0.32956913226654205
0.27706322460669797
0.209495494280229
0.13796403132444796
0.07223604623993408
0.029738232254738775
0.01036158973259559
0.00263285309257863
3.5530268175237686e-05
3.191702056419657e-05
0.0
0.0
0.0
1.1441950768296884e-05
0.00020053524241278223
0.00021679485666246728
0.00043479412919528155
0.0008653728028443484
0.0015982598599505226
0.0027280019463360463
0.005425291287978243
0.01624576346717605
0.049429829526977706
0.12615533592363037
0.2537908989519173
0.3814264619802042
0.4544038261883369
0.45469649924483124
0.4045669040971819
0.3307091118878255
0.23263834522894739
0.14130869419640169
0.06864688694629992
0.026954224970431588
0.009026494740315893
0.0022570753410303536
5.419871416561682e-06
0.0
0.0
0.0
0.0
4.3358971332493456e-05
6.925391254495483e-05
0.00024028096613423457
0.00034928060240064173
0.0007238539380785712
0.001854800440334442
0.003023686042506245
0.005757107860258853
0.014949209782747464
0.04596291844418376
0.1281793567937486
0.2748687788909257
0.4299806811694396
0.525668511028836
0.5200378668349637
0.4439199882449011
0.33029178178875024
0.21231623624858179
0.11200585827879336
0.04877884274905513
0.017797653316118215
0.005458412724412787
0.001283907317789945
1.1441950768296884e-05
1.9872861860726164e-05
0.0
0.0
0.0
1.0237534897949842e-05
6.744728873943425e-05
0.0001999330344776087
0.0002956840961701984
0.000927400220167221
0.001975242027369146
0.0029700895362758015
0.00552224676554118
0.012538571418247864
0.0403924950438287
0.12392475773174767
0.2923195604363839
0.486995921847863
0.6075989006091935
0.5778311601656313
0.45371188927082257
0.3003397657170249
0.16373250887052287
0.07039027891862726
0.02637309431298914
0.008173768304110188
0.00244978188028588
0.0005763129939610588
0.0
0.0
0.0
0.0
4.877884274905514e-05
0.0
2.5894941212461366e-05
0.00013549678541404205
0.0003763799594834501
0.0010514550548129662
0.0021131476445238823
0.0032946796133343286
0.0056017382129840846
0.012127263398524348
0.03595783580921089
0.12056202862173873
0.31496257879890827
0.5593162771987213
0.7011470856749185
0.6219127810203329
0.4289695740462833
0.24447173115510706
0.10891773598722355
0.037214643769918024
0.010696417344552065
0.0032362654436224976
0.0010598859659053956
0.00032459007705852735
3.914351578627881e-05
3.793909991593177e-05
0.0
0.0
8.009365537807819e-05
0.0
0.0
0.00016741380597823862
0.0002541317486432255
0.0007298760174303064
0.001705452872411409
0.0030405478646911032
0.005654130303344181
0.012615051826014901
0.03220186491753364
0.11756724856012082
0.3482074678601625
0.6593442196469134
0.7991871397291027
0.6295879211541194
0.37037654857770524
0.1690259166206981
0.05833768930406442
0.014492736167885937
0.003533756163598216
0.0013423214875017764
0.000478153100527775
1.7464030120032086e-05
0.00014994977585820654
0.00010418197278501898
2.288390153659377e-05
0.0
3.733689198075825e-05
2.288390153659377e-05
6.925391254495483e-05
0.00031314812629023046
0.00033904306750269183
0.00044984932757461955
0.0011189023435524005
0.002485312148461118
0.005432517783200325
0.012092937546219458
0.02861210341596429
0.11777621471362602
0.4077604127774071
0.786767203274084
0.8689655753855937
0.5958576524971154
0.2802808216043301
0.09693560470107603
0.02412505209098639
0.004630376813549197
0.0015133485410910562
0.0007027766603474979
0.0004088991879828202
4.757442687870809e-05
0.0001908999154500059
9.27400220167221e-05
5.4800922100790333e-05
0.0
0.0
7.828703157255763e-06
0.00014994977585820654
0.00030833046280884235
0.0001487453599878595
0.0004239543863621582
0.001005085043804605
0.002644295043346927
0.00586610749652526
0.011019803005740245
0.02568537285102098
0.12836724566952273
0.5097635972529683
0.910012670454956
0.8902180956258023
0.5198102322354681
0.17960671004169687
0.04199075490377921
0.007358378759885243
0.001668115980430651
0.0011556370275979853
0.0003866174943814
0.00020053524241278223
2.0475069795899684e-05
7.106053635047537e-05
1.0839742833123364e-05
6.624287286908722e-05
1.9270653925552647e-05
0.0
4.215455546214641e-06
0.00012044158703470403
0.0003209768294474862
0.00012104379496987755
0.00033061215641026255
0.0007858813554014438
0.002621411141810333
0.005036264961856149
0.008717562069571878
0.026939771979987426
0.1706049058267231
0.6558351540086573
0.9814959567759232
0.8673637022780322
0.4026356232490804
0.09103998901572727
0.013791766131343959
0.0022420201426510155
0.0008105718807435581
0.0007437267999392973
0.0001963197868665676
0.0001011709331091514
3.0110396758676007e-06
6.0823001452525536e-05
8.430911092429281e-06
0.0
0.0
0.0
6.624287286908722e-06
0.00015476743933959467
0.0002149882328569467
0.00016078951869132987
0.0001854800440334442
0.0004986281703236747
0.0024539973358320946
0.004754431648194941
0.009348073777698553
0.042789884833754475
0.26419705207171573
0.785982526334553
1.0
0.7968885120405454
0.27158975668390584
0.03958011653927961
0.004841149590859928
0.001089394154728898
0.0005901637764700497
0.0007316826412358269
0.00031254591835505694
0.00011562392355331588
0.00011562392355331588
2.8303772953155447e-05
1.5055198379338004e-05
0.0
0.0
0.0
5.7209753841484414e-05
0.0001228504187753981
0.00011080626007192771
6.804949667460777e-05
4.637001100836105e-05
0.0008123785045490787
0.0022883901536593764
0.004898961552636586
0.017246633055434443
0.09445209917642043
0.3961655011935761
0.855792276803673
0.9813429959603891
0.6725596727842963
0.17607777154158002
0.020242015324987532
0.002573836714931625
0.0007075943238288862
0.0003709600880668884
0.0007124119873102744
0.00033241878021578316
3.312143643454361e-05
3.312143643454361e-05
1.1441950768296884e-05
6.022079351735201e-06
0.0
0.0
2.348610947176729e-05
9.033119027602803e-05
3.0110396758676007e-06
7.888923950773114e-05
0.00018909329164448535
0.0003595181372985915
0.0009051185265658008
0.0025316821594694784
0.010252590096329181
0.04729620681265793
0.18645080322494392
0.5115876850886089
0.8724752432317849
0.9099927975930954
0.5294624210204293
0.1318498141586312
0.017521239873873568
0.002874940682518385
0.0012628300400588717
0.0006166609256176847
0.0007738371966979734
0.0003649380087151532
0.00012646366638643922
0.0002457008375507962
3.6734684045584734e-05
8.792235853533395e-05
0.0
0.0
7.648040776703707e-05
2.6497149147634886e-05
0.0
8.97289823408545e-05
0.00030531942313297475
0.0006377382033487579
0.001449514499962663
0.00684469539118223
0.028915014007356573
0.10794637458778868
0.2933390984706327
0.5865011478083244
0.8460377126697323
0.7865455907539401
0.42175933843845076
0.11872168117184846
0.021472326136547034
0.005218131758278552
0.0028291728794451977
0.0016940109216431122
0.001356774477945941
0.001077952203960601
0.0006588154810798311
0.0005745063701555382
0.00021137498524590557
0.00014392769650647133
4.817663481388162e-06
1.8066238055205607e-06
1.4452990444164485e-05
3.0110396758676007e-06
0.0
0.0
0.0002770156501798193
0.0009942453009714818
0.004841751798795102
0.019471189167965426
0.06852283211165416
0.18403293836522222
0.38097540823675924
0.6137552723304723
0.7750693141333385
0.6610942359065277
0.3647760147805916
0.12447878903210731
0.030148938066527117
0.009501636801167801
0.00530846294855458
0.003946870807127251
0.0026539303703097036
0.0017638670421232406
0.0010345932326281076
0.0007069921158937126
0.0003866174943814
0.00020715952969969093
0.00014513211237681837
9.033119027602802e-06
4.938105068422865e-05
2.288390153659377e-05
9.093339821120155e-05
7.166274428564889e-05
0.0005419871416561682
0.004323250766610701
0.015273799859805993
0.048271181459703855
0.12597226471133766
0.26241752762327797
0.43883133119268486
0.6022777912940003
0.6806388944425842
0.5635425724877692
0.33664146225721986
0.13934670074360636
0.041669175866396554
0.015416523140442116
0.009114417098851227
0.00578240059353614
0.003786081288435921
0.002293810025075938
0.0014025422810191284
0.000912345021787883
0.00043840737680632267
0.0001312813298678274
9.695547756293674e-05
0.0
0.0
5.419871416561682e-06
6.323183319321961e-05
0.0003745733356779295
0.0028105044334548186
0.012286848501345333
0.034965999339980104
0.0893538067972414
0.18959914631003108
0.32600285687444447
0.46333095661934914
0.5620334394022243
0.5924226584348856
0.49909789251311004
0.32466294421868336
0.156611400037096
0.05725070398107622
0.02359932456357991
0.01241150554392625
0.007189158330101484
0.0041299420194200005
0.0022432245585213627
0.0011128802642006652
0.0008334557822801519
0.0003775843753537971
0.00011441950768296883
3.0712604693849525e-05
1.9270653925552647e-05
6.022079351735201e-06
4.576780307318754e-05
0.00023967875819906102
0.0014326526777778046
0.008008763329872645
0.024276808490650118
0.057887237768554624
0.1302057864956075
0.23746805286903902
0.3571900014212107
0.4546326652037028
0.5067537619929711
0.5158169914173325
0.4529627425994667
0.31940326011287784
0.17294147261519635
0.07031440071879538
0.02756667044050306
0.013435259033721234
0.007037401930437757
0.0036939434743543725
0.0011815319688104466
0.0005853461129886615
0.0006594176890150046
0.0002740046105039517
0.0001336901616085215
0.0
1.8668445990379124e-05
6.022079351735201e-06
4.516559513801402e-05
0.00015476743933959467
0.0021227829714866586
0.012158578211153372
0.03151414345556548
0.07334892650413476
0.15264164532843216
0.2529652718727944
0.3499918099720816
0.4104986522586411
0.4375540481621818
0.43908666735719837
0.4057875795817786
0.30132979556245015
0.17331183049532806
0.07471172306143244
0.02724990906660179
0.010880692972715163
0.005170557331399844
0.0022546665092896597
0.0005275341512120036
0.00022281693601420248
0.00010418197278501898
0.00021017056937555853
0.00015175639966372707
0.0
0.0
0.0
0.0
7.226495222082243e-06
0.0021318160905142614
0.010727732157181088
0.028161651880454497
0.06472470666451477
0.13053097878060121
0.21073423600288094
0.2767380323217043
0.3108458853540621
0.32064260404346495
0.3228918506813381
0.3060011225155912
0.2329069299680348
0.13156617422116448
0.05271788485302513
0.015657406314511523
0.005731815126981565
0.002675007648040777
0.0010544660944888336
0.00040829698004764666
7.166274428564889e-05
0.00019812641067208815
0.00015657406314511523
0.00017464030120032086
0.0
0.0
0.0
0.0
6.022079351735202e-07
0.0005154899925085332
0.0033296076735743934
0.008313480545070447
0.01771093537345323
0.03331775622141018
0.05532424079645613
0.07342661132777215
0.08122881733588026
0.08331245679158064
0.08929599483546474
0.0876640113311445
0.06293675130498459
0.031541845020583464
0.011283570081346249
0.003303712732361932
0.0013344927843445206
0.00045225815931531363
0.00041431905939938186
0.00012646366638643922
0.00010779522039606012
0.0
6.26296252580461e-05
1.0839742833123364e-05
0.0
0.0
0.0
0.0
0.0
0.0
4.938105068422865e-05
0.00014031444889543018
0.00031977241357713924
0.0009834055581383586
0.0013061890113913652
0.001222482108402246
0.0014736028173696037
0.0024582127913783092
0.0039041140437299313
0.003806556358231821
0.001283907317789945
0.0005245231115361361
0.00017042484565410622
0.0
0.0
0.0
0.0
0.0
0.0
0.0
0.0
0.0
0.0
0.0
0.0
0.0
0.0
0.0
0.0
0.0
0.0
0.0
0.0
4.456338720284049e-05
2.529273327728785e-05
0.0
0.0
3.8541307851105294e-05
0.00011502171561814236
3.8541307851105294e-05
0.0
0.0
0.0
0.0
0.0
0.0
0.0
0.0
0.0
0.0
0.0
0.0
0.0
0.0
0.0
0.0
0.0
0.0
0.0
0.0
0.0
0.0
0.0
0.0
0.0
0.0
0.0
0.0
0.0
0.0
0.0
0.0
0.0
0.0
0.0
0.0
0.0
0.0
0.0
