0.0
0.0
0.0
0.0
0.0
0.0
0.0
0.0
0.0
0.0
0.0
0.0
0.0
0.0
0.0
0.0
0.0
0.0
0.0
0.0
0.0
0.0
0.0
0.0
0.0
0.0
0.0
0.0
0.0
0.0
0.0
0.0
0.0
0.0
0.0
0.0
0.0
0.0
0.0
0.00010719388190919005
0.00021187540721113345
8.709502905121691e-05
0.0
7.537069821739924e-05
0.0002060132417942246
9.798190768261902e-05
0.0
0.0
0.0
0.0
0.0
0.0
0.0
0.0
0.0
0.0
0.0
0.0
0.0
2.4286113870050868e-05
8.374522024155472e-06
0.0
7.118343720532152e-05
0.00016749044048310944
3.684789690628407e-05
0.0
0.0
7.704560262223035e-05
0.0002361615210811843
0.0003927650829328916
0.00016414063167344723
0.00014487923101788965
0.0001917765543531603
1.6749044048310943e-05
6.364636738358158e-05
0.00011389349952851442
0.0
0.0
0.0
0.0
0.0
0.0
0.0
0.0
0.0
0.0
0.0
7.034598500290596e-05
0.00010384407309952785
0.0003240940023348168
0.0002771966789995461
0.0003073449582865058
0.0005820292806788054
0.0010937125763547046
0.0024813708757572663
0.0061703478273977515
0.010538498515197246
0.01559084765237024
0.019026076586678816
0.022547563097836194
0.023293733010188444
0.018923069965781705
0.014126981202547866
0.011777927774772257
0.008207031583672362
0.004091791461002364
0.0016372190557223949
0.0005920787071077918
0.00021355031161596455
6.113401077633494e-05
0.0
0.0
0.0
0.0
0.0
0.0001348298045889031
0.00013734216119614973
0.0002771966789995461
0.0009622325805754637
0.0026346246287993116
0.00722386269803651
0.017857830764309128
0.03529442307080324
0.06956045483704018
0.12542856616458617
0.19590016899785445
0.2605372423368936
0.31486192925538775
0.32961532470534244
0.30409983100214555
0.24654425348673226
0.17902969438019325
0.10732452445276687
0.053968769732467524
0.02169001204256267
0.005064073468006814
0.0009103105440256997
0.00014487923101788965
0.0
0.0
0.0
0.0
0.0
0.00022443719024736665
0.0002721719657850529
0.0007578942431860702
0.0035960197571723593
0.009526856254679264
0.024407544439401123
0.05869953722391295
0.11943659565630292
0.21720830283611564
0.34418029340975365
0.49282722188631084
0.6221382164612955
0.7122581228676375
0.7452688137824534
0.698587553115406
0.5875899633028445
0.44322325303283316
0.2847320739168812
0.15650474249182228
0.06651464117685484
0.017956650124194163
0.0025366427211166924
0.00011808076054059215
0.0
0.0
0.0
0.0
0.0
0.0
0.0008726251949170002
0.0036035568269940994
0.009065420091148298
0.024327986480171645
0.06237511494031479
0.13717132094685697
0.2563122959757072
0.41328768660528703
0.5823910600302488
0.7411661354428197
0.8571398662421343
0.931018224634829
0.9541285556126884
0.933601764679281
0.8504126127001301
0.6915412302842815
0.5032049295786444
0.30925769911682294
0.15205954620140058
0.04902696428601338
0.006301827823176992
0.00032744381114447897
6.867108059807487e-05
6.113401077633494e-05
0.0
0.0
0.0
6.867108059807487e-05
0.0009890310510527612
0.005850441086075012
0.01732939842458492
0.05334570529387036
0.12832950059375361
0.2565484574967884
0.4227827196762745
0.6035266787148124
0.7568625020726943
0.8602677502181564
0.9169054801197223
0.9342750762500232
0.9419695870858171
0.954127718160486
0.935316866789828
0.8473977847714342
0.6824699480277163
0.4724352607574923
0.2678934224829118
0.10248153836619776
0.017653492426919735
0.000832427489201054
9.211974226571018e-06
0.00012896763917199426
4.4384966728024e-05
0.0
7.704560262223035e-05
0.000133154900184072
0.001172433083381766
0.008652556155357434
0.03533629568092401
0.10412043232632498
0.22835730400687382
0.39901163891070923
0.5875539528581407
0.7465869635490555
0.8399578594051744
0.8580409648119335
0.8276121390371645
0.7843686196610329
0.7649204671643367
0.7828637180532921
0.8390492237655536
0.8647263457438168
0.7972645461260299
0.6173270535584182
0.3892494585871512
0.1714046920771997
0.035434277588606636
0.000619714629787505
0.0
0.0
0.0
0.0
3.6010444703868526e-05
0.00023532406887876876
0.00210451738467027
0.01631943106847177
0.06982425228080108
0.18434584096112716
0.35097035586693887
0.5512210890563422
0.725757852370576
0.8232640872022229
0.8270585831313678
0.7575031530075422
0.647983666332244
0.555858061901117
0.5052625496399793
0.5327870911767711
0.6428735329931045
0.7757889218472855
0.8204251242360343
0.721181176084375
0.5067833628395659
0.24883384780813636
0.058016176226741864
0.0007537069821739926
0.0
0.0
0.0
0.0
0.00011640585613576105
0.00019931362417490025
0.0037869588593231044
0.035518860261050604
0.12629449174188384
0.2857822389787103
0.4864801716442034
0.6838408572830705
0.8052437907106452
0.8218940153990711
0.7281194675813879
0.5806030995780916
0.4347356749613516
0.3228780217369094
0.27458466558021205
0.3121904567296822
0.4484028949047733
0.6439622208562447
0.7902349723389539
0.7766983949391089
0.6029773100700277
0.32680902237504794
0.08505248312952539
0.0014647039020247922
0.0
0.0
0.0
2.7635922679713055e-05
0.0
0.000212712859413549
0.007743920515736565
0.06573664808081078
0.20213835045364786
0.4062472259395795
0.6201149319402596
0.7813068944090016
0.8245880991342419
0.7380533256064411
0.5612989888602108
0.385666000613015
0.24243990024269366
0.1584819671417254
0.134102058625004
0.1823292560577105
0.31631993353979326
0.5392463600140022
0.7422648727323887
0.7974923331250869
0.6607749112719392
0.39237315530216116
0.11383487787434532
0.0026664478124911024
0.00018172712792417374
0.0
0.0
1.3399235238648756e-05
5.1084584347348376e-05
0.00021355031161596455
0.014139542985584098
0.10976402271840337
0.2992107850444436
0.5332225663220272
0.7298379195007445
0.8270652827489872
0.7783171900463781
0.5967274042834005
0.3819602746173263
0.21465072380993855
0.11262559689405728
0.07115998854365388
0.06882265944671209
0.11873146090186903
0.25527469269691433
0.4790377339213365
0.7008871968632391
0.7916988387887762
0.6834531169133522
0.4324293315958992
0.1393336225334939
0.0038547924877187635
0.00014487923101788965
0.0
0.0
5.2759488752179476e-05
0.0001457166832203052
0.0004371500496609156
0.02521652326693454
0.1733333444993627
0.40604372505439257
0.6502154764516815
0.8039013548301731
0.8189369716723418
0.671788245185906
0.4333823522022481
0.2231726374217192
0.0992204994899916
0.04898509167589261
0.033646317136449444
0.04048411436917238
0.0980346671713712
0.24300601793152657
0.4616011416148424
0.6861346388654868
0.783599001087013
0.6774619838572713
0.43883416603997333
0.15283000222762286
0.005289348110456596
1.6749044048310943e-05
0.0
0.0
0.0
0.0
0.0002453734953077553
0.0421816299834687
0.24917469085451951
0.5114178233277336
0.7456079819244318
0.8399134744384464
0.7612206033340648
0.5393234056166245
0.2855251411525687
0.11832613403589991
0.04704722727950303
0.024635331438458155
0.02052595348120506
0.03649449207686471
0.11324782388045203
0.27336282281688773
0.4961108719719822
0.7022639682840103
0.770741597423327
0.6486628400684031
0.41577826945527085
0.15194146544085996
0.006278379161509357
0.0
0.0
0.0
0.0
0.0
0.0003215816457275701
0.06703888625556696
0.3272428226158992
0.6023106981169051
0.8036141087247446
0.8347346700187088
0.6781620938984908
0.4154767866624013
0.18242723796539312
0.06548792477669337
0.023964532224323296
0.015564049181892945
0.022439531763724586
0.05838381774360229
0.1664000777155644
0.34793961634639703
0.5690990186735093
0.7317983951065994
0.7435537116719064
0.5982766908578693
0.36695313115003964
0.1304884523715809
0.005517135109513625
0.0
0.0
0.0
0.0
0.0
0.0006331138650261537
0.09224619754827494
0.3918639843630925
0.6670147676321374
0.8327013360712437
0.805469065353095
0.5949051082909443
0.32288639625893356
0.12840989600518551
0.04360781108418237
0.019165093652279797
0.021729372296076202
0.04692077199693828
0.11816534321303612
0.26594467120789084
0.4706305512612868
0.6652871037385542
0.7568960001607908
0.697243442330529
0.5187162192717851
0.29486692047051416
0.09666208301161212
0.003972873248259356
0.0
1.0049426428986565e-05
0.0
0.0
0.0
0.0010702639146870693
0.11785883570695203
0.4319268602744499
0.6983991263698625
0.8417508445705462
0.7808630447417215
0.5517863692929726
0.2845830074248512
0.11576604265311558
0.05043555889047633
0.03869615391701519
0.05968773082276329
0.12215999021855828
0.24503516461797942
0.427181018643361
0.6188595910888386
0.7457243877805675
0.7489837517523688
0.614601984091758
0.4164926161839313
0.2089376248850597
0.06122026835318375
0.002519056224865966
0.0
8.709502905121691e-05
0.0
0.0
0.0
0.0014940147291093362
0.12828595307922802
0.42936341908285586
0.6950551797256171
0.8427055400812999
0.7916092314031177
0.5753539491733509
0.3296211868707594
0.17050108115079332
0.11066847109701215
0.11847771288453714
0.17557520404522914
0.2880751831089241
0.4450832343743981
0.6172784813306781
0.7455769961929424
0.7750779249274348
0.6762694519210316
0.49343269982865734
0.30001641406316737
0.1305906215402756
0.032642211945753195
0.0011498218739165464
0.0
0.0
0.0
4.3547514525608455e-05
4.271006232319291e-05
0.0020852559840147124
0.11970123055226624
0.38918999948077965
0.6571713544449451
0.8334257322263332
0.8360578444985253
0.6893680418190132
0.4836110603987278
0.3353501973874841
0.2855050422997108
0.3121510964761687
0.39970253697770197
0.5270304447373666
0.6683840019830869
0.7758768543285393
0.7975651914666971
0.7075968639089923
0.5412219097595006
0.35579826781386453
0.18537255736128863
0.06666203276447998
0.012565132845042869
0.0004455245716850711
0.0
0.0
0.0
0.00010970623851643667
7.620815041981479e-05
0.001756974720667818
0.09040798996397281
0.30717746784602273
0.5714932945202152
0.7877351775147434
0.8884572288036661
0.859003197392509
0.7430813886297439
0.6350483796137336
0.5896852687132883
0.6119179497830162
0.6828124659785042
0.7732899644752776
0.8297568541275507
0.8214325792355401
0.7193622299007284
0.5555917521007488
0.37679151962401747
0.21404440841538971
0.09161643349205843
0.026133533428579565
0.004153762923981114
0.0001314799957792409
0.0001205931171478388
0.0
0.0
0.0
3.182318369179079e-05
0.0015693854273267354
0.05365221279995445
0.2030662474939243
0.42633267956231397
0.6688822860435241
0.8586196442838026
0.9639954174615484
0.972398412860586
0.9341151228793618
0.9014017274964032
0.8929267112079579
0.90197956951607
0.895760649460932
0.8309560856814098
0.7025930869995596
0.5347936266537588
0.35983897469051956
0.20743188582511654
0.09568310138698834
0.03235077857931259
0.008202844322660285
0.0014320432661305857
0.0001013317164922812
0.0003676415168604252
3.266063589420634e-05
0.0
0.0
0.0
0.0007738058350319656
0.0203124031695891
0.10021957996747337
0.2514642851759236
0.4523246835686853
0.6682985818584405
0.8480367608018773
0.9597738209091717
1.0
0.9955991886763064
0.9632123996522899
0.8922333007843578
0.775680890513174
0.6227319700728081
0.4549768946937354
0.2955728926771505
0.1680984307820631
0.07726250274265596
0.02868525028933974
0.008253928907007633
0.0021271285941354898
0.0005971034203222851
0.00013650470899373418
0.00012896763917199426
6.02965585739194e-05
0.0
0.0
0.0
4.940967994251728e-05
0.004285242919760355
0.027818487259839646
0.08777169043076866
0.19855489247951175
0.3455311038122499
0.5027066455182071
0.6334789941864069
0.7150518634148957
0.7277978859356603
0.6688228269371527
0.5637878968057898
0.43098305164232753
0.29980705101256344
0.18544122844188668
0.09874733899562682
0.04371919222710364
0.01621558699537224
0.004914169523774431
0.0016455935777465501
0.0007955795922947698
0.0003709913256700874
8.542012464638582e-05
0.0
0.0
0.0
0.0
0.0
0.0
0.0008140035407479118
0.0029754676751824393
0.011336590464099263
0.029279841353054774
0.05986443323747297
0.1017135946965827
0.1448072101284819
0.17396980817319851
0.18308380049208692
0.16930519940574393
0.13668224886064628
0.09697445268311311
0.05988788189914061
0.03286162442278607
0.014461962083514085
0.005658664531721853
0.0019554508926403025
0.0006414883870503092
0.00035172992501452977
0.0002395113298908465
0.00010719388190919005
5.8621654169088304e-05
0.0
0.0
0.0
0.0
0.0
0.0
0.0
0.0
2.9310827084544152e-05
0.00023029935566427548
0.0008483390810469492
0.0016112580374475127
0.0021782131784828383
0.002630437367787234
0.0021095420978847635
0.0017980098785861797
0.0012034188148711414
0.000719371441874955
0.0005493686447845989
0.0002202499292352889
4.103515791836181e-05
0.0
0.0
0.0
0.0
0.0
0.0
0.0
0.0
0.0
0.0
0.0
0.0
0.0
0.0
0.0
0.0
0.0
0.0
0.0
0.0
0.0
0.0
0.0
0.0
0.0
0.0
0.0
0.0
0.0
0.0
0.0
0.0
0.0
0.0
0.0
0.0
0.0
0.0
0.0
0.0
0.0
0.0
0.0
0.0
0.0
0.0
0.0
0.0
0.0
0.0
0.0
0.0
0.0
0.0
0.0
0.0
0.0
0.0
0.0
0.0
0.0
0.0
0.0
0.0
0.0
