0.0
0.0
0.0
0.0
0.0
0.0
0.0
0.0
0.0
0.0
0.0
0.0
9.184866823390055e-05
0.0002011169114776788
0.0
0.0
0.0
0.0
0.0
0.0
0.0
0.0
0.0
0.0
0.0
0.0
0.0
0.0
0.0
0.0
0.0
0.0
1.2668781825365593e-05
4.3548937524694234e-05
0.00044103196729553977
0.0011409821631469888
0.0018559765374160594
0.0027633780356578702
0.005225872502963308
0.006968621802815162
0.007762796063492767
0.007878398697649228
0.007730332310065268
0.006918738474377784
0.0070422590971751
0.00653313242756822
0.00469932625834655
0.0033841483451007843
0.0025567185321315935
0.0010150861437574182
0.0004790383127716365
0.00016786135918609411
0.0
0.0
0.0
0.0
0.0
0.0
5.067512730146237e-05
1.0293385233109546e-05
0.0003222621376827373
0.00022487087740023928
0.0018084686055709386
0.005202118537040747
0.009644110164559558
0.01826125720240042
0.03241387009906196
0.04876926743560894
0.07281857433447327
0.1012987876767592
0.130343553609138
0.14992236412137644
0.159084268777708
0.14949479273477034
0.12666643968432562
0.09340692839842052
0.055626245598588066
0.029470753721256713
0.013710789130501914
0.004232164928536194
0.0013975249951106421
0.00027950499902212845
0.0
0.0
0.0
0.0
0.0001116436398360343
0.00018844812965231321
0.000339681712692615
0.001129896979049794
0.003894858612435835
0.01068611746969588
0.02096841751870823
0.04043875158656698
0.06968700982701571
0.10667510196389873
0.15341736430744918
0.21811841668731943
0.29621433045092155
0.3563720409486701
0.37856853850557465
0.36478886287389733
0.3128460655910343
0.22945618462215756
0.13885459959919141
0.07357553404853887
0.0335683128428984
0.01242411597636322
0.005008127815339836
0.0007490417254247407
9.58076625543273e-05
0.0
0.0
0.0
1.741957500987769e-05
0.0001401483989431069
0.00037927165589688247
0.0024925828241406807
0.0064547443400237705
0.01605134657273821
0.0334059940757609
0.06405652810450478
0.10609946418970868
0.1576210244768783
0.23220293488166963
0.3295435200368662
0.4236274364640797
0.48794604999259666
0.505120167354608
0.46253564084636967
0.3752809896218923
0.26158579892901285
0.15562806673597548
0.08431628563985663
0.03941416385644054
0.01602363361249522
0.006133274001205118
0.001284297757546437
6.334390912682797e-05
4.988332843737702e-05
0.0
0.0
0.0002502084410509705
6.809470231134007e-05
0.0009026507050572985
0.003684240114589132
0.0086852417401522
0.021616900788394133
0.0483876203831198
0.08891267804587208
0.14333143037673
0.21376431473371407
0.31957239694143935
0.427991040004054
0.5148394984112556
0.5500800904551022
0.521541283996874
0.4323760221133587
0.31542020369817575
0.20163870692911104
0.11408554753287352
0.059240015614273604
0.029005175989174528
0.013984751537475444
0.006459495133208282
0.0017087019486961843
0.0002074513023903616
7.363729435993751e-05
0.0
0.0
0.0001116436398360343
1.0293385233109546e-05
0.0008448493879790681
0.004164070226224854
0.011430408401936105
0.030670329000346018
0.06489504310157117
0.11973265703153023
0.1894260012494586
0.29098291535590964
0.41205054527228774
0.5123722531507656
0.5661251026369278
0.5463380490234349
0.4517830122720906
0.3230919428922987
0.20284461659911304
0.11386463564979371
0.06112766410625308
0.0327899745595025
0.017274675817750072
0.008577557094636593
0.0037650035987258374
0.0015234210145002127
0.00025733463082773864
0.00012589601938957059
0.0
0.0
0.0
1.5044178417621642e-05
0.0007727956913473012
0.004237707520584792
0.015113856717661153
0.04202868370565036
0.08844789211265397
0.15775563028377282
0.2510065743059685
0.37730799471395077
0.4954214230684265
0.5741602775096659
0.576184115406268
0.4849847222409175
0.33850509958058417
0.20061253560125644
0.10307241713231038
0.05218350413754497
0.030156451537554627
0.018521759028684498
0.01087298200162002
0.005612270348636959
0.0026731129651521406
0.0011085184097194894
0.0005170446582477334
8.1555283000791e-05
0.0
0.0
0.0
0.0
0.0007363729435993752
0.004874313807309413
0.020460082647965436
0.05823363925802112
0.1192805398801375
0.2073048196005058
0.32594479419959826
0.4634588783218932
0.5702575009085893
0.6053159792136962
0.5342251100006572
0.3750759137160942
0.21616663248734905
0.10425378103752572
0.04864020422076303
0.028576812803704353
0.021616108989530043
0.016247712691031372
0.009772381580541384
0.0045164207207428345
0.0015305472042769807
0.0006073097287534632
0.00042598778887791813
0.0
0.0
0.0
0.0
3.0088356835243283e-05
0.0009097768948340667
0.006619438503753523
0.029719378564579516
0.07894551394476569
0.15809689559419357
0.2667784158796846
0.41191198047107286
0.5498781817447606
0.6310003507668969
0.5956504904798063
0.44024096023031845
0.25481908583653945
0.12249920226264444
0.059536148389441525
0.04327339151999253
0.04321717380064247
0.04037699127516832
0.031644241603170996
0.018616774892374743
0.00869711872311348
0.0026905325401620182
0.0008123856345515687
0.00039985842636310157
0.0
0.0
0.0
0.0
3.563094888384073e-05
0.0008385149970663852
0.009537217317908036
0.04186557313964878
0.10399882180329025
0.20288024754799688
0.3405566504374293
0.5041066648085787
0.6316543766286313
0.653471602529639
0.5308940121794502
0.3228187722841893
0.16452630237056662
0.09409262621471844
0.08737025385863383
0.09813317581814598
0.1029100983651729
0.09541413851887688
0.07397222527944562
0.04723555303587562
0.021910658166969795
0.007358978642809239
0.0013816890178289351
0.00039985842636310157
0.0
0.0
0.0
0.0
4.196533979652353e-05
0.0009232374755235176
0.01409639517731148
0.05554310671785911
0.13186618282477414
0.257514369169886
0.43108143097057916
0.5987044586985836
0.687963152848061
0.6265884474962133
0.43580451119484825
0.24125557129475741
0.1552741326437293
0.1693372722687492
0.2076294571347808
0.2341816402430189
0.23119497492768898
0.19872647070700514
0.1514600375154302
0.0970777079323202
0.051261058460885536
0.017274675817750072
0.0028061351743184793
0.0002684198149249335
0.0001037256511951808
0.0
0.0
0.0
4.196533979652353e-05
0.0010839726449328436
0.018228793448972918
0.0707575218912591
0.16567836971781083
0.3231663719855228
0.5213179967172019
0.6810784617248389
0.7111486071862082
0.5670158763590238
0.362289945658844
0.25168118693816927
0.2794804532573418
0.3613104904639704
0.4234579915071654
0.43948954310830146
0.41197136538587925
0.3494723056470303
0.26163093146426575
0.16613602946125217
0.08852073760814984
0.03519229231313745
0.005372355292819097
0.000276337803565787
0.00012035342734097313
0.0
0.0
0.0
0.0
0.0009913321778348577
0.02247679435479082
0.08597589605897953
0.20636416254997242
0.3991972743115903
0.6086652884087773
0.7394094922431425
0.6933030443874526
0.5089659344374705
0.3704676443271175
0.39258417019874947
0.5090934140545883
0.605443458830814
0.6422312258550834
0.6220118500618
0.5661251026369278
0.4756977133640604
0.3633952968731071
0.23656891381823625
0.13097145010835767
0.05648613916498476
0.00941211309738255
0.0003507668967898099
3.2463753427499335e-05
0.0
0.0
0.0
0.0
0.0004956660889174288
0.02674538203107494
0.10424507125002079
0.25288392941271487
0.47091999901816944
0.6893440500670258
0.7670947395258867
0.6632036023681122
0.4981895518972689
0.46857152358729226
0.582677657890632
0.7052726678158308
0.747123196777062
0.7185345069903963
0.6703527543119387
0.6296028257717863
0.5573020878944248
0.43315119320129825
0.29015152654862003
0.16100121382765864
0.07053344281272295
0.014803471562939695
0.00027712960242987235
0.0
0.0
0.0
0.0
0.0
0.0007522089208810822
0.030451000714994375
0.121539542039373
0.29215398587589186
0.5287917861953035
0.7398671519865838
0.7769977679190022
0.6529648512566244
0.5423972660768821
0.5865899360780777
0.699587551971698
0.733318975380598
0.6785613331359116
0.6173315269761914
0.6016372816911556
0.6209302528134593
0.5932584661114045
0.47698359471933505
0.3157432576347226
0.17123125515164137
0.07295397194023186
0.018730002129938944
0.00040302562181944294
0.0
0.0
0.0
0.0
1.4252379553536294e-05
0.0017562098805413053
0.03343053984054754
0.13054229512402343
0.316396491697593
0.5642453721335892
0.7657605584399029
0.7881130403730323
0.676813041244011
0.6016832060252727
0.638376748984716
0.6671348837282959
0.6006071513689807
0.5021802181722591
0.47970659101292457
0.5534349422422319
0.6342142623562192
0.6158746170662744
0.4759708839721699
0.3052115409435234
0.15567161567350016
0.06519117587673909
0.01752013346561653
0.00043944836956736906
0.0
0.0
0.0
0.0
7.363729435993751e-05
0.002282756125158063
0.032579356061655795
0.12612643285901942
0.3138278961825002
0.5670198353533442
0.7754450503465308
0.8270505413132935
0.7424096181391618
0.6523907970801625
0.6228685764327402
0.574225996815385
0.48110728320349155
0.43345524396510704
0.5015721166446415
0.6348572030338565
0.7006034299143195
0.6173639907296189
0.43702229784781155
0.2559798629712886
0.12184517640090994
0.04566066509520986
0.011582433783840496
0.0002866311887988966
0.0
0.0
0.0
0.0
0.00015202538190438712
0.002982706321009512
0.026948874339144873
0.10706229160843647
0.27990248205189927
0.5244091794825911
0.7636155753170957
0.8825303041220258
0.8433481373327623
0.7317179580774175
0.6454166326852988
0.5800995607891701
0.5468052103532453
0.5928483142998083
0.7017760840320298
0.778777731765466
0.7214024024761134
0.5465494593201458
0.34668754904204213
0.18137657399716697
0.07844192986720741
0.024554474574150775
0.005658194682753909
0.00017577934782694762
0.0
0.0
0.0
0.0
4.988332843737702e-05
0.0027863402027163454
0.01886698333342571
0.0754703087302951
0.21179431915986974
0.43523599961043496
0.6945010360688137
0.9004407944276364
0.9489210552778542
0.8863309386696354
0.8042213964639847
0.7636630832489408
0.7841690902310231
0.840739951874465
0.8634257811293744
0.783879291846768
0.6045194295564263
0.3987182359988186
0.221222268234534
0.10230912302733212
0.037109237363088084
0.009760504597580105
0.0017229543282497207
0.00017023675577835016
0.0
0.0
0.0
7.126189776768147e-06
0.0
0.0017989670192019142
0.009561763082694682
0.04080139546631807
0.12727058221762275
0.290902943670637
0.5297854937697306
0.7823075711015586
0.9485576195992389
1.0
0.989432652359917
0.9735610441293261
0.9555650395463943
0.9025271844345012
0.7784285484664044
0.5921174839482576
0.3831744324979591
0.2130279417901147
0.10048561024334356
0.03816787244437019
0.012112147223913593
0.002736456874278968
0.000684114218569742
0.0001995333137495081
0.0
0.0
0.0
1.9794971602133743e-05
0.0
0.0003958994320426748
0.003008043884660243
0.015080601165369568
0.05295946702434861
0.13693448735378444
0.2849399064252103
0.4888431581056054
0.6906742721586893
0.8295937992647356
0.8861448659365754
0.862205619079819
0.7708858724871275
0.6281570010459663
0.4545178855486414
0.28507688762869704
0.15622508307949584
0.07262458361277235
0.029958501821533288
0.010288634439925034
0.0029359901880284763
0.0007427073345120579
0.00025100023991505584
0.0001995333137495081
0.0
0.0
0.0
0.0
0.0
0.0
0.00019715791715725208
0.0016754463964045998
0.010660779906045149
0.031269720740458626
0.0703845846262749
0.14270590927410257
0.22529369799366086
0.30272291711370314
0.34095571706492833
0.3319893867280258
0.27850891605110906
0.20072655463768474
0.12629508601706962
0.06892371572203743
0.03309640071990353
0.014365606791100499
0.005716787798696225
0.001852809341959718
0.000357893086566578
1.6627776145792342e-05
6.096851253457192e-05
8.551427732121776e-05
0.0
0.0
0.0
0.0
0.0
0.0
0.0
0.0
0.00036977006952785825
0.00219645004897276
0.00550300210539318
0.010204703760331987
0.016918366328911666
0.02493374623004766
0.032695750494676344
0.033772596949832416
0.029487381497402508
0.020822726527716523
0.01246687311502383
0.007328890285973996
0.004207619163749548
0.002083222811408555
0.0007506253231529115
0.00030880155699328633
0.0
0.0
0.0
0.0
0.0
0.0
0.0
0.0
0.0
0.0
0.0
0.0
0.0
0.0
0.0
0.0
0.0003412653104207857
0.0007039091901718757
0.0009612438209996144
0.0011781967097590001
0.0013373482814401556
0.0014022757882951543
0.0008907737220960184
0.0004418237661596251
0.00012035342734097313
5.621771935005982e-05
0.0
0.0
0.0
0.0
0.0
0.0
0.0
0.0
0.0
0.0
0.0
0.0
0.0
0.0
0.0
0.0
0.0
0.0
4.513253525286493e-05
0.0001813219398755451
1.3460580689450943e-05
0.0
0.0
0.0
0.0
0.0
0.0
0.0
0.0
0.0
0.0
0.0
0.0
0.0
0.0
0.0
0.0
0.0
0.0
0.0
0.0
0.0
0.0
0.0
0.0
0.0
0.0
0.0
0.0
0.0
0.0
0.0
0.0
0.0
0.0
0.0
0.0
0.0
0.0
0.0
0.0
0.0
0.0
0.0
0.0
0.0
0.0
0.0
0.0
0.0
0.0
0.0
0.0
0.0
0.0
0.0
0.0
0.0
0.0
0.0
0.0
0.0
0.0
0.0
0.0
0.0
0.0
0.0
0.0
0.0
0.0
