0.0
0.0
0.0
0.0
0.0
0.0
0.0
0.0
0.0
0.0
0.0
0.0
0.0
0.0
0.0
0.0
0.0
0.0
0.0
0.0
0.0
0.0
0.0
0.0
0.0
0.0
0.0
0.0
0.0
0.0
0.0
0.0
0.0
0.0
0.0
0.0
0.0
0.0
0.0
0.0
0.0
0.0
0.0
0.0
0.0
0.0
0.0
0.0
0.0
0.0
0.0
0.0
0.0
0.0
0.0
0.0
0.0
0.0
0.0
0.0
0.0
0.0
0.0
0.0
0.0
0.0
0.0
0.0
0.0
0.0
0.0
0.0
0.0
0.0
0.0
0.0
0.0
0.0
0.0
0.0
0.0
0.0
0.0
0.0
0.0
0.0
0.0
0.0
0.0
0.0
0.0
0.0
0.0
0.0
0.0
0.0
0.0
0.0
0.0
0.0
0.0
1.7626566761422818e-05
0.00013059683555054178
2.1632604661746185e-05
0.0
0.0
0.0
0.0
0.0
0.0
0.0
0.0
0.0
0.0
0.0
0.0
0.0
0.0
0.0
0.0
0.0
1.2819321281034776e-05
0.00025638642562069553
0.000861298148569524
0.001830759320447779
0.0027000695448179493
0.0032248605097603108
0.002995715141861814
0.002306676623006195
0.0016504876149332273
0.001057594005685369
0.00041021828099311285
0.0002876335212432178
1.602415160129347e-05
0.0
0.0
0.0
0.0
0.0
0.0
0.0
0.0
0.0
0.0
0.0
0.0
1.121690612090543e-05
0.00019309102679558628
0.0008629005637296533
0.0027729794346038348
0.008097805011713654
0.01886122764230248
0.03136166830647152
0.04399110339103096
0.051500020831397084
0.053128074634088494
0.04669277535100904
0.03677542792496851
0.025539292822141534
0.015485740107490008
0.00839024577843726
0.003600626864810643
0.0009854853234795484
4.326520932349237e-05
0.0
0.0
0.0
0.0
0.0
0.0
0.0
0.0
2.243381224181086e-05
0.00012498838249008906
0.0013524383951491687
0.003910694198295672
0.013270401148611187
0.03597341913732378
0.07717151290424927
0.14768899685606146
0.24840479570809124
0.36823500379772395
0.4712398527059985
0.523389652884828
0.501499059382301
0.41314509228308904
0.2959797006047515
0.17479945774270983
0.08953735069496745
0.036821897964612264
0.011391569373359528
0.002495761611901458
0.0004590919433770579
0.0001330004582907358
0.0
0.0
0.0
0.0
0.0
3.5253133522845635e-05
0.00014581977957177058
0.001489444891340228
0.007649929974457502
0.023294309182800316
0.0627169269523025
0.13504033278958047
0.2595343702027696
0.4403749330991671
0.6399349098961955
0.81169458608014
0.918929811011156
0.949641699970195
0.8986015722897551
0.7641148739379994
0.5727264132500505
0.37082771152681326
0.20678767037679188
0.09603915020719228
0.03347765752542232
0.00996221505052415
0.00214643510699326
0.0002980492197840585
0.0
0.0
0.0
0.0
8.012075800646735e-07
0.00013540408103092982
0.0015960054994888296
0.00706665085617042
0.025744401962638087
0.06735832246361716
0.15867435398632818
0.30480660451432395
0.519537446839877
0.728864144037894
0.8637850968980447
0.8948831679106749
0.8568706754820866
0.8236782478551673
0.8113092052341287
0.7691728973909476
0.6604850831172744
0.47856449240294974
0.29177336080941196
0.14890442875501958
0.057472222133199156
0.016024952808873533
0.0039082905755554774
0.0005993032698883758
0.0
0.0
0.0
0.0
2.5638642562069553e-05
0.0006161286290697339
0.0041823035679375955
0.01900384259155399
0.058988908082261586
0.1406367677363322
0.2897823599729512
0.507543369366309
0.7212150152710164
0.8178278301055351
0.7573166276211506
0.6034126635665275
0.4769636796579805
0.45515881536652036
0.5363764265500963
0.6454480192546205
0.6586831672697089
0.5329985353925436
0.3423239506584324
0.17542760448548053
0.0691786660855241
0.019289072490057013
0.004276044854805162
0.0005007547375404209
0.0
0.0
0.0
0.0
5.608453060452715e-06
0.0014341615683157653
0.010394867143759074
0.03970945008316535
0.10343589858634934
0.2293721096436549
0.43751542324591625
0.6597904361453583
0.7774021004457919
0.6949522320040765
0.4750672213159674
0.2753309788513247
0.19258866964288576
0.2532296677552407
0.43270737655794816
0.6329924462149352
0.7038520458034349
0.5965679472100349
0.37650586964673155
0.18514465001650487
0.07042214024978448
0.019329934076640312
0.004067730883988347
0.0007154783689977534
2.6439850142134226e-05
0.0
0.0
0.0
0.00016264513875312872
0.0027753830573440286
0.01804399591063651
0.06295648801874185
0.150371439834118
0.3215894996939387
0.5533492079261864
0.7291533799742973
0.7093819805210413
0.4914238740629877
0.24695781481849444
0.12436263937005855
0.13584314278480528
0.27369331055767254
0.5150130276352519
0.7463545055107057
0.7977792128295766
0.6395847821837073
0.38071942031029166
0.17016687551477586
0.06210320194597297
0.01625570059193216
0.002840280871329267
0.00039098929907156065
5.928936092478584e-05
0.0
0.0
0.0
0.0003445192594278096
0.004965083373660781
0.026648965320531102
0.07963362379778802
0.1877637975957363
0.3825581917065401
0.6126473821343529
0.7269548663745998
0.6095707450269046
0.36253521307314385
0.189754798432197
0.16770877065913745
0.2553873197683549
0.4461860916773761
0.7036060750763551
0.8922199539145399
0.8565197465620182
0.6154427953811985
0.32610911165308354
0.13453477080655965
0.04685221565944191
0.01222883129452711
0.001592800669168571
1.842777434148749e-05
0.0
0.0
0.0
0.0
0.0002443683119197254
0.005584416833050774
0.03090497998583465
0.08918401815215894
0.2068621826817379
0.4049767810043297
0.6239363969374642
0.7043487945030751
0.5806231151591679
0.40068551320550333
0.32522537969227217
0.3685298481871877
0.4931656993420483
0.6828668168663811
0.8928937694893744
0.9907909200747367
0.8402095638546417
0.5283058625961049
0.2450557480234209
0.09445436161382435
0.03082966647330857
0.008348582984273899
0.0012082210307375277
0.00016344634633319339
4.166279416336302e-05
0.0
0.0
0.0
0.00015863910085280535
0.0052230722144416064
0.028990895077060146
0.08401062080768133
0.197881446916793
0.38190600873636743
0.5896991946261405
0.6853145060234785
0.6371443038948302
0.5626175772123745
0.555042159542863
0.6059132324239094
0.6969720763134195
0.82878995221598
0.9847458088831487
1.0
0.7516512888225133
0.4048237503565374
0.16886891923507108
0.06199503892266424
0.021174313925949192
0.006019472549025891
0.000635357610991286
0.0001810729130946162
4.967486996400975e-05
0.0
0.0
0.0
4.7271247223815735e-05
0.004113399716052033
0.02273586749949524
0.06740799733358117
0.15887545708892445
0.31434658317015407
0.5018139339612664
0.6331326575414464
0.66935044499069
0.6645135548298394
0.6667585384691808
0.6763185473145125
0.7084309471235045
0.8361418329706534
0.9822652702152684
0.9318949520717625
0.6208597598300157
0.2960654298158184
0.11793054491729936
0.043346131289078896
0.016436773505026776
0.004845703444231145
0.0005408151165436545
0.0001810729130946162
8.252438074666137e-05
0.0
0.0
0.0
1.121690612090543e-05
0.002446887949517513
0.014153331901842457
0.04594044143332831
0.1069932602418365
0.2137525678702941
0.3577143470638947
0.4842466565607684
0.5577326145967202
0.5747182152940912
0.5609823125414625
0.5457393383307321
0.608783959183281
0.7934046194424236
0.9281252704075583
0.8116128629069734
0.491488771876973
0.22129914206692325
0.09030090151876909
0.0346394085165161
0.014657291469703135
0.003866627781392114
0.0005616465136253361
4.887366238394508e-05
2.804226530226357e-05
0.0
0.0
0.0
4.406641690355704e-05
0.0011721666896346173
0.006823083751830759
0.02371334074717414
0.057974579285899705
0.11616868944873714
0.19607472382374716
0.2782714106701621
0.3349304071095956
0.3510210589400344
0.34874963545055104
0.3834603514416929
0.5344911851142041
0.7560867739857514
0.8354535956593778
0.673774713247807
0.3900046149556612
0.17966999862192298
0.07783972002602323
0.03069586480743777
0.011674395649122357
0.0033770899499725986
0.0005512308150844953
0.00017626566761422816
0.0
0.0
4.0861586583298347e-05
0.0
0.00010175336266821353
0.0006642010838736142
0.003417951536555897
0.010494216883687095
0.026426229613273126
0.05056741520820181
0.08388082517971086
0.12148710536520643
0.15189613785898107
0.17276439048934553
0.20590473962356062
0.3167413926269674
0.527935704694115
0.7079670479346472
0.7203905726711299
0.5469467581538896
0.321394806251983
0.15857901028430052
0.07254133429905553
0.029787295411644432
0.011977252114386805
0.004135833528293845
0.0006105201760092812
0.0004655016040175753
0.0
0.0
0.0
0.0
0.0
0.0005199837194619731
0.0015006617974611333
0.004800835819747523
0.010338782613154547
0.01915527082418621
0.03066301529665512
0.04427713449711405
0.06456611404709177
0.09837306788792068
0.18108413000073711
0.34316361620234015
0.540844761224117
0.6473765258998362
0.603604152178163
0.44933003022154994
0.2747733383755997
0.14719785660948181
0.07026670597925193
0.029038967531864027
0.012530085344631427
0.004962679750920588
0.001175371519954876
0.0005993032698883758
0.0
0.0
0.0
0.0
6.169298366497987e-05
0.000277217822702377
0.0011176845741902193
0.003516500068903852
0.0055699950966096095
0.008845331683913995
0.014886436837601633
0.025096225030365765
0.051391857808088345
0.11169795115197625
0.23276442253764873
0.40388874111060186
0.540993785834009
0.5733713853520026
0.5053600787106327
0.3848640671219662
0.24618224588099183
0.14070006313515732
0.06961612542423941
0.03070948533629887
0.013684625467504622
0.005683766572978794
0.0022441824317611502
0.000910171810953469
0.0
0.0
0.0
0.0
2.4837434982004876e-05
0.0001057594005685369
0.0007891894663637033
0.002649593467273875
0.004530027657685664
0.008666662393559572
0.01822266520099093
0.040414512753622255
0.0870391854603258
0.1744661553894029
0.30795775392671837
0.4456989574686968
0.5151724679436847
0.4979465049722942
0.43446282236586986
0.34069990289364127
0.22725531921712402
0.1353159481971227
0.07133711930621833
0.033374301747593975
0.015413631425284189
0.0065859263081316155
0.002836274833428944
0.0006025081002086344
0.0
0.0
0.0
0.0
0.0
0.00015142823263222327
0.0006049117229488285
0.0016873431636162024
0.004731931967861962
0.01278887539299232
0.033729236705562625
0.07282816661271868
0.14340013267997526
0.24853218771332153
0.3698021658243304
0.45486637459979684
0.47170775793275627
0.4339051818901448
0.3841149380346057
0.3127441680100247
0.21522759102519315
0.13276169843187652
0.07475426963519416
0.038138282018658515
0.018377298263943416
0.008528053482208383
0.0027938108316855163
0.0004951462844799682
0.0
0.0
0.0
0.0
0.0
0.00011056664604892494
0.0005095680209211323
0.002390803418912986
0.008073768784311715
0.023106025401485118
0.05504055712770287
0.10816222210115085
0.19381692086312488
0.2981718045438084
0.38787740883058947
0.4308758160299203
0.4199016758057745
0.3801329363616843
0.3455944800002564
0.28975031166974863
0.20921853417470812
0.1354497498629935
0.0793211528415628
0.041408811360482516
0.020994042220434637
0.009514340013267997
0.0027801903028244167
0.0003084649183248993
0.0
0.0
0.0
0.0
0.0
0.0
0.0007955991270042207
0.004243195344022511
0.01283053818715568
0.033021770412365516
0.07006480166907562
0.13007044217043928
0.21671222867105303
0.30041198093766924
0.36006669251896456
0.3754386611500854
0.3532492172201943
0.32204138076909516
0.2993704110835852
0.26030833672511206
0.19487291245365013
0.1295352355069561
0.07852234888423833
0.040881616772799965
0.019458928497030722
0.009049639616830486
0.001789096526284416
0.00019629585711584502
0.0
0.0
0.0
0.0
2.8843472882328247e-05
0.0
0.0008324546756871957
0.0046990824570793096
0.012313759298013966
0.028810623371545593
0.06247496226312298
0.11254723118684481
0.1779586192309048
0.2319856487698259
0.2689677882504511
0.2712135730973724
0.2472534604155383
0.2245640629556868
0.21431341317633937
0.18744732060161076
0.14250358139788288
0.09451284976716907
0.05637056171061023
0.028593496117348068
0.011912354300401565
0.004581304942809803
0.0008044124103849321
0.00010175336266821353
0.0
0.0
0.0
0.0
0.0
3.044588804245759e-05
0.0007627496162215692
0.0018003134324053214
0.004041291033846213
0.006827890997311147
0.015826253329017496
0.029377878338231384
0.04543407824272744
0.06401728685474747
0.07663390261802588
0.07754647805171955
0.0731975233071285
0.0623451666351525
0.061144156472635554
0.05286688096298742
0.04032798233497527
0.02826339859436142
0.018456617814369816
0.007460844985562239
0.0019076752481339875
0.00041742914921369487
2.243381224181086e-05
0.0
0.0
0.0
0.0
0.0
0.0
0.0
0.0
0.0
3.284951078265161e-05
0.00018668136615506892
0.00018588015857500423
0.0003084649183248993
0.0007106711235173653
0.0007611472010614397
0.0011120761211297668
0.0007851834284633801
0.0018668136615506892
0.0010087203433014238
0.0009670575491380609
0.0006874361036954898
0.0007723641071823451
0.0008949488669322402
0.000898153697252499
0.0003990013748722074
0.00016344634633319339
0.0
0.0
0.0
0.0
0.0
