0.0
0.0
0.0
0.0
0.0
0.0
0.0
0.0
0.0
0.0
0.0
0.0
9.525705592827526e-06
0.00020575524080507457
0.00020575524080507457
8.573135033544773e-06
0.0
0.0
0.0
0.0
0.0
0.0
0.0
0.0
0.0
0.0
0.0
0.0
0.0
0.0
0.0
0.0
0.0
0.0
0.0
1.524112894852404e-05
0.00026576718603988795
0.0003391151191046599
0.0005791629000439136
0.000681087949887168
0.0003753128003574045
0.0005343920837576242
0.001039254480177483
0.0010602110324817037
0.001909903971361919
0.0008106375459496224
6.858508026835818e-05
0.0
0.0
0.0
0.0
0.0
0.0
0.0
0.0
0.0
0.0
0.0
0.0
0.0
0.0
4.2865675167723864e-05
0.0004353247455922179
0.0014612432379397422
0.0034549734185185432
0.006986152481779706
0.010355394549962801
0.014520033035146996
0.018240773639705426
0.02039358310368445
0.022881697404531
0.02283787915880399
0.017845456857603085
0.011748052707634188
0.005976427688939989
0.0025928970623676525
0.0008592186444730428
0.00021147066416077104
1.143084671139303e-05
0.00022194894031288135
0.00033149455463039786
0.00015717414228165417
0.0
0.0
0.0
0.0
1.0478276152110277e-05
1.4288558389241288e-05
8.096849753903397e-05
0.0015345911710045144
0.005939277437127962
0.015575481214832286
0.03505650172272386
0.06652467014862959
0.10272044626025562
0.14570424017733055
0.18518066929512636
0.21922554108389192
0.2345266819776508
0.23162419948351626
0.2035271782669122
0.15680073462241534
0.10441125900298251
0.0628734671948988
0.031059515655973428
0.012675856432375588
0.0038674364706879757
0.0006544159742272509
0.00027434032107343274
0.0001562215717223714
0.0
0.0
0.0
0.0
6.096451579409616e-05
0.00012954959606245435
0.0011849977757477442
0.009214215019942065
0.02574702964685352
0.06091212441333561
0.12072974525405535
0.20585621328435852
0.30647528889083636
0.42304420594194464
0.53619053697355
0.6248577097727072
0.6684778208233829
0.6601523541352516
0.6048175303465166
0.48761420130292604
0.35284070829336506
0.23198617629604368
0.12912189188133638
0.05879932291284646
0.018606560734470003
0.0028481859722554303
0.00034578311301963917
0.00021147066416077104
0.0
0.0
0.0
0.0
0.00011145075543608204
0.00039531678210234225
0.004413259401156992
0.023660900122024292
0.06585310790433524
0.1399640499870927
0.2485780502976307
0.38094630264500273
0.5253178966098967
0.6702991357327316
0.7919814515460697
0.8831919877385118
0.9328342498649731
0.9370188923319023
0.8802780743976659
0.767210806722481
0.5898602674246588
0.4067019054268898
0.2509632869780747
0.12781020222120404
0.04866397216207798
0.009383772579494394
0.0006572736859050992
0.00026195690380275696
0.0
0.0
0.0
0.0
7.715821530190296e-05
0.0009840053877390833
0.009538089010098201
0.0418254681169871
0.11041245352646384
0.2196970635107369
0.3509136580519361
0.4944422270718648
0.6311370548994991
0.7481079567266247
0.8252175909300042
0.8734262343647451
0.901236531843005
0.9187581147104519
0.9084741629524353
0.8460207793741802
0.7159415540807647
0.5347959736747601
0.3540304689219092
0.19778413036499648
0.08161815066046481
0.017333926467268248
0.0008477877977616497
9.335191480970974e-05
6.763250970907544e-05
0.0
0.0
0.0
0.0003676922358831424
0.001396468439908515
0.01499536574422909
0.05823254343007323
0.14374861281912305
0.25520317853744223
0.3758795798401778
0.4915159303137482
0.5894173221145923
0.657623279300356
0.683486522555442
0.6884703717216093
0.7000622028575212
0.7270790090598985
0.7711487334145559
0.7915585102177481
0.7391385523404183
0.6014568614133671
0.422371691127091
0.25227402406764776
0.11481809236314656
0.02618806981580143
0.0010945035726158828
0.00024862091597279844
4.953366908270313e-05
0.0
0.0
6.477479803122717e-05
0.00041627333440656287
0.0018413188910935607
0.017069111851787645
0.06439853266031048
0.14887820528086068
0.240567884464622
0.3303009837196166
0.40366511048389636
0.4622043816340586
0.4824836562706291
0.47570040131797664
0.4613966017997868
0.47221685078267966
0.5262056923711482
0.6248329429381658
0.7226781330760123
0.7364008645530397
0.6335870663779744
0.4580473637133487
0.2755767576593817
0.12857035352751167
0.03083089872174557
0.000781107858611857
0.00010478276152110278
0.0
0.0
0.0
0.0
0.00038674364706879746
0.0022271099676030755
0.016051766494473662
0.057830558654055904
0.12444762814693593
0.18780785889762822
0.2389961430418055
0.2791641383856406
0.3088186124666719
0.3069334753298514
0.28329734204236845
0.27047955259665973
0.2917704571671885
0.3854957796361371
0.5374631712407518
0.6884779922860836
0.7385689151459671
0.652374615518708
0.4677264331662207
0.2768103365336529
0.12654423594791728
0.03049273617320019
0.0009106574546743115
7.43005036240547e-05
6.953765082764093e-05
0.0
0.0
0.0
0.00018765640017870226
0.001993730180578801
0.010740233055913035
0.04208170959743416
0.08735167285678769
0.11808350424036786
0.147390290067261
0.16838875547609003
0.17809449690462198
0.16886599332629068
0.15184165229078933
0.1515482605585302
0.20676877588015138
0.33971619112756735
0.5305608449681889
0.6974064361382408
0.7474764024458201
0.6513448867441234
0.4530911390934005
0.2561414605383357
0.10962848795617412
0.026597675156293014
0.0021613825990125656
0.000658226256464382
0.00034387797190107365
0.0
0.0
0.0
0.0
0.001108792131005124
0.0076215170448213024
0.0264605049957563
0.048058137286374154
0.06282202838469753
0.0772553774989498
0.09044181175110094
0.09273464908729452
0.08825375717642846
0.08854048091477255
0.11754339673325452
0.208734881514511
0.3790668809315378
0.5771634544399791
0.7245623176422736
0.7447996791742357
0.630203535751402
0.4175278698331382
0.21739089018671337
0.0853407964061418
0.021364252503593573
0.003805519384334596
0.0016050813923914379
0.00019432439409368152
0.0
0.0
0.0
0.0
0.0004219887577622594
0.004690457433908273
0.014566708992551853
0.024206723052493308
0.034373508631718126
0.04892021364252504
0.05983286196966825
0.06712383703041844
0.08013404572910227
0.10622019049506044
0.17232572959760561
0.29798121721371207
0.4769149287810622
0.6466096584939288
0.7497235163951681
0.7285669242734982
0.581030890910667
0.3600345211570684
0.1715417640273159
0.06436709783185415
0.017613029641138093
0.007198575716499761
0.003739792015744086
0.0010078196517211522
8.096849753903397e-05
0.0
0.0
4.572338684557212e-05
0.000550585783265431
0.0030720400536868764
0.010318244298150776
0.02345705002233778
0.04147968500396746
0.06567783492142722
0.09228122550107594
0.12601365414639676
0.17246766261093877
0.2342113811225282
0.331963219345565
0.4643057522878363
0.6061739908229352
0.7266770242838813
0.7663372995196187
0.6856002766264904
0.5059035560411549
0.29260776668879807
0.1325273316307722
0.051994158837330474
0.02289503339236096
0.014855337872014525
0.007580556510772145
0.002690059259414493
0.0005334395131983415
0.0
0.0
0.0
0.0009135151663521596
0.005129592461737623
0.019749645405609306
0.05182364870721887
0.10022185368325696
0.15751230483019954
0.22170603482026424
0.29593223794069484
0.3778637843151637
0.4681912875991507
0.5759355909890636
0.6805792772085111
0.7732215269515551
0.8100726716079678
0.7651961199895979
0.6337651970725602
0.4345026771995569
0.24424385425289416
0.11616693227509095
0.055948279228913184
0.03564328518724203
0.02523168897428155
0.013034022962665903
0.00452661529771164
0.00012669188438460609
0.0
0.0
0.00010001990872468902
0.0034130603139101022
0.016431842147627482
0.05731521798148393
0.13053169630907485
0.22559157013157857
0.32533428082351634
0.42730124377137924
0.5309028177989714
0.6343329291258927
0.7401387514276652
0.8370923355220231
0.8966241851949579
0.9098687262512254
0.8596101509729079
0.7531670589669753
0.5832903882772856
0.39245907042449407
0.23530112184234767
0.13533265192785993
0.08828804971656264
0.0649443555907795
0.04576625252073985
0.023402753500458662
0.007102366090012203
0.0006134554401780926
0.0
0.0
0.0005067675375384243
0.008733166887504275
0.044570776468839994
0.12965533139453472
0.25746362847462023
0.3905205893363536
0.5188261282483847
0.6331231645156036
0.7274390807313075
0.8236306083782392
0.9189000477237851
0.9838853638486138
0.9990960105392407
0.9642224023638991
0.8773965484558356
0.7385289071824772
0.5729950056725577
0.407902144331586
0.28461569969641576
0.20346811889223668
0.1542745174991975
0.11828925948117291
0.08024168620230122
0.041407289641461974
0.009526658163386808
0.000681087949887168
0.0
0.0
0.0009373294303342285
0.021149924127754953
0.09014460973660472
0.22075536940210003
0.38918508541223923
0.5398417399272808
0.6563839850027292
0.7391118803647583
0.8048544900842168
0.8838606922711283
0.9500071919077226
0.9929671715608155
0.989818925862386
0.942630485496637
0.8543329100744815
0.7372657986208685
0.6085373183805158
0.48451167899134207
0.384831837956317
0.3060952132376826
0.2433617739149983
0.18402710634783495
0.1245867034485912
0.059811905417364024
0.010784051301640042
0.0003905539293059285
0.0
0.0
0.0009773373938241042
0.036246262351268016
0.13911911990100886
0.30678677946372185
0.4906681425159865
0.640296973397562
0.7304520614103188
0.7967233477901792
0.8597901868086125
0.907815936695971
0.9498700217471859
0.9699444937135107
0.9488107632852635
0.9005030525123572
0.8371113869332087
0.7583490428094735
0.6769585565126773
0.5863929105888696
0.5031782516710469
0.42582952225728743
0.3433083347066226
0.257115940220482
0.15913453249265808
0.06286013120706883
0.007859659684641992
0.00046294929181141774
0.0
0.0
0.0016069865335100035
0.04757042116002138
0.170322473711434
0.35109845674043694
0.5484596457771119
0.7110939225045747
0.8203004217029866
0.8957944962378227
0.9424085365563242
0.967526869634051
0.9687299662504251
0.940841557986304
0.8875433300533154
0.8327638549006421
0.7836874196863948
0.7435756260055573
0.707277924844088
0.6553999796149901
0.5877627070531183
0.502811512005723
0.3966856259960316
0.2789593357153948
0.155714804184833
0.05566441320224692
0.007811078586118571
0.0002371900692614054
0.0
1.2383417270675782e-05
0.002610043332434742
0.04960511187464933
0.1726248367532204
0.33994480806179517
0.5461210850540728
0.7296357084410136
0.87939599405977
0.9740024442960552
1.0
0.987676594674559
0.932045521441887
0.8488365779474201
0.7639492051274969
0.6981542040272778
0.6686111807016826
0.6585958538413837
0.6618717439947571
0.6336232640592271
0.5711108211062964
0.47834092690830843
0.35932295094928424
0.23803976220028558
0.12748442308992933
0.0385724396570365
0.005586826330193344
0.0
0.0
0.00017622555346730922
0.002840565407781168
0.03771131587144489
0.13205771434504585
0.2725923540971489
0.4540389467998869
0.6380860571294668
0.796645237004318
0.894960044427891
0.9047115092432685
0.8553978839597597
0.7663115801145179
0.6611096875473309
0.5721881784088452
0.5157807601703577
0.4978581450974528
0.5051481675876437
0.5128697045411896
0.49683794202846093
0.44078392746746736
0.3554355104968513
0.2556080210251374
0.16339442803377055
0.08151717818118083
0.0221967991724067
0.0023261773057684817
0.0
0.0
0.0
0.0015422117354787763
0.01851511396077886
0.06828121025994699
0.15689313396666577
0.2810407023874276
0.41933680132521617
0.5397626765708603
0.607271352107229
0.6140374607898144
0.5653058561180273
0.4864473023678047
0.40174568080694156
0.33946661764103525
0.30317272676180307
0.2958236448969367
0.30080939920422256
0.3074002349038999
0.29262015010606873
0.25651010534477814
0.20329189333876935
0.14298560380113756
0.0859266273001007
0.037496987495606274
0.008075893201599176
0.0003648345242052942
0.0
0.0
0.0
0.0001104981848767993
0.003939831833193464
0.018205528529011968
0.04766186793371253
0.09183446990877234
0.14734647182153401
0.19585041212965248
0.22423129937292283
0.22956569450490621
0.2122574874427386
0.18372323633942378
0.15386586472926517
0.13255590874755072
0.11787965414068134
0.11487429402614426
0.11186512362937004
0.11001904188548008
0.10365015512611558
0.0915096433480569
0.07497587615058617
0.051157801886280226
0.027605494808014167
0.00919802132043426
0.001655567632033424
8.001592697975122e-05
0.0
0.0
0.0
0.0
7.525307418333746e-05
0.0010754521614302277
0.003553088186124667
0.007353844717662849
0.012938765906737627
0.017176752324986593
0.020566950945473908
0.022458756076209455
0.02420958076417115
0.02587562667235669
0.025835618708866814
0.02546125847906869
0.023324642714597475
0.022189178607932437
0.020143057046593086
0.01791975736122714
0.014641009496175906
0.012819694586827282
0.0111784155131831
0.008774127421553434
0.004129393374490732
0.0019394336586996842
0.0006915662260392783
9.335191480970974e-05
0.0
0.0
0.0
0.0
0.0
0.0
0.0
0.00026195690380275696
0.00039626935266162504
0.00039626935266162504
0.0004057950582544526
0.0006363171336008787
0.0009097048841150287
0.0011106972721236896
0.001758445252435961
0.002540505681607101
0.0027653123335978306
0.0025948022034862177
0.0023195093118535026
0.001835603467737864
0.0013097845190137847
0.0011526103767321306
0.0007906335642046845
0.00032387399015613587
4.667595740485487e-05
1.80988406263723e-05
8.287363865759947e-05
9.906733816540626e-05
0.0
0.0
0.0
0.0
0.0
0.0
0.0
0.0
0.0
0.0
0.0
0.0
0.0
0.0
0.0
0.0
0.0
0.0
0.0
0.0
0.0
0.0
0.0
0.0
0.0
0.0
0.0
0.0
0.0
0.0
0.0
0.0
0.0
0.0
0.0
0.0
0.0
0.0
0.0
0.0
0.0
0.0
0.0
0.0
0.0
0.0
0.0
0.0
0.0
0.0
0.0
0.0
0.0
0.0
0.0
0.0
0.0
