0.0
0.0
0.0
0.0
0.0
0.0
0.0
0.0
0.0
0.0
0.0
0.0
0.0
0.0
0.0
0.0
0.0
0.0
0.0
0.0
0.0
0.0
0.0
0.0
0.0
0.0
0.0
0.0
0.0
0.0
0.0
0.0
0.0
0.0
0.0
0.0
0.0
0.0
0.0
0.0
0.0
0.0
0.0
0.0
0.0
0.0
0.0
0.0
0.0
0.0
0.0
0.0
0.0
0.0
0.0
0.0
0.0
0.0
0.0
0.0
0.0
0.0
0.0
0.0
0.0
0.0
0.0
0.0
0.0
0.0
0.0
0.0
0.0
0.0
0.0
0.0
0.0
0.0
0.0
0.0
0.0
0.0
0.0
0.0
0.0
0.0
0.0
0.0
0.0
0.0
0.0
0.0
0.0
0.0
0.0
0.0
0.0
0.0
0.0
0.0
0.0
0.0
0.0
0.0
0.0
0.0
0.0
0.0
0.0
0.0
0.0
0.0
0.0
0.0
0.0
8.229822268432357e-05
0.00015644810648901116
0.00010918774098712237
2.1185681087053592e-05
4.155652828614359e-05
5.2149368829670376e-05
3.096368774261679e-05
0.0
0.0002990440368826411
0.00047260365501888786
0.0004978635055457594
0.0004391954656123803
0.0002843770268992963
0.00015726294037697475
1.6296677759271993e-06
0.0
0.0
0.0
0.0002069678075427543
4.0741694398179984e-05
0.0
0.0
0.0
0.0
0.0
0.0
0.0
0.0
0.00012059541541861275
0.0004448993028281255
0.001542480549915094
0.003167259322514512
0.00527197525512449
0.008122264195221163
0.010829142371036242
0.01149241715583861
0.01239362343592635
0.013349423586507654
0.012469402987506968
0.011446786458112649
0.010627063566821268
0.009034878149740393
0.0064265948743689105
0.004557365935380414
0.001976787012199693
0.0008979469445358868
0.000698312641984805
0.0003846015951188191
1.6296677759271993e-06
0.0
0.0
0.0
0.0
0.0
0.0
0.0006673489542421882
0.0014887015133094967
0.005873322664441626
0.01621193503492378
0.030834129154430574
0.04819335030360711
0.07073898914967194
0.09293180492224853
0.1156721890675367
0.12925872931544174
0.13956474833040536
0.14248103881542706
0.14354765637477143
0.14159368471143471
0.13743640221504444
0.125200856553383
0.10294122440199341
0.07570377202903415
0.04843291146666841
0.029763437425646407
0.014390781295325134
0.004348768460061731
0.0005931990704375007
1.3852176095381196e-05
0.0
0.0
3.8297192734289184e-05
0.000551642542151357
0.004247729057954245
0.0135409095501791
0.036918493795854775
0.07783456264605897
0.13634533963906117
0.20439130278901343
0.27973899240900746
0.35525453780992206
0.4217417237321999
0.473919611747949
0.5110695183679855
0.5378702197769962
0.5527140487140291
0.5645772152888913
0.5695998513742988
0.5497146451724351
0.4881865382923037
0.3949336888181975
0.27377766768466577
0.15804681057719572
0.07571192036791378
0.03029307945282275
0.006190293046859466
0.0009500963133655573
0.0
0.0
0.00015563327260104755
0.0022684975440906614
0.01485849594701624
0.04360909484992389
0.0919727454361154
0.17265026351727938
0.27579030738793586
0.40495696047403773
0.5355218685118851
0.662540619469315
0.7693653421813429
0.8458399470683906
0.8945050861931286
0.9170002053381398
0.9328967996584215
0.9445375165818696
0.9511596715893498
0.9300408068811092
0.8454659383138153
0.6869522279188165
0.47727672736635907
0.28271965477117833
0.13743395771338054
0.05255515610587626
0.012039170694662185
0.0014813680083178241
0.0
0.0
0.00023793149528537113
0.0036471964825250725
0.023696999129757406
0.06561531366215684
0.13240643262464513
0.2339673284204282
0.36199891790059674
0.5151485768111312
0.6651611252530059
0.7971356959170304
0.8875341822816001
0.934925736039451
0.937675800411328
0.9173424355710844
0.9077005061748111
0.9207451818872204
0.9634041804237787
1.0
0.9637553738294911
0.8121457509672079
0.568542196987722
0.33467916730495323
0.15945728803726072
0.05554804097636655
0.011135519912910554
0.0016614462975577796
0.00012711408652232156
0.00016622611314457436
0.00032593355518543987
0.004624997148081391
0.024495536339961734
0.06537493766520756
0.13212287043163382
0.2251809746065167
0.34464377092086
0.47860735110540364
0.6049693459491348
0.6975230679473682
0.7374808921453273
0.7139150812715319
0.6532702543259531
0.5997503348967279
0.5722228016596537
0.6099512403401443
0.7322178800629704
0.8836849069948599
0.939113167389696
0.8180467779838402
0.564156761002702
0.31785773652183263
0.14133375270117435
0.042281730446431194
0.0073489868355437055
0.0012597331907917252
0.00011244707653897675
4.481586383799798e-05
0.00029008086411504147
0.003584454273151875
0.019419121217948507
0.04844105980554804
0.10005997177415411
0.1691774414867785
0.2635604655634902
0.3695996884075212
0.4664076581348126
0.5163423084569979
0.4944974267545818
0.41634263439055313
0.32686491031938225
0.27125494196753047
0.26035979805156917
0.3375107150656267
0.5481460899381052
0.8018128424339414
0.9107341327396996
0.7703887735446252
0.5052328632285022
0.25605828995700936
0.10277825762440068
0.02595653350108047
0.003303336581804433
0.0002868215285631871
7.333504991672398e-06
1.4667009983344796e-05
0.00018578212645570073
0.0020077506999423094
0.010871513733210348
0.028746524733467834
0.06357985861002376
0.11513358386759275
0.18335066213401735
0.2717446571341966
0.3415522911499262
0.35074117290449164
0.2937516907803175
0.20222791881647006
0.12395823487423854
0.09239890355952035
0.11781520219288097
0.25392261033665675
0.548353057745648
0.8368213655964094
0.8929145304438237
0.6967530499232427
0.40595513198679317
0.17932375305970122
0.06330200025422818
0.01524554204379895
0.0019164893044903864
0.00047423332279481503
0.00012955858818621235
5.459387049356118e-05
0.0
0.0006347555987236442
0.005315161451186562
0.016238824553226578
0.04156793596057507
0.07921489125226931
0.13023001130989437
0.19350756654748363
0.236501461811995
0.2250595643572101
0.16414421256082734
0.0887737075919703
0.04664272141481238
0.04239091818741832
0.1047990456665504
0.3172303144281007
0.6685752792435733
0.9075326503938906
0.8542661443038221
0.5927590601380003
0.3034677700603955
0.12018392430519115
0.04025442373317775
0.012246138502204941
0.0037311243729853233
0.0007960927085404368
7.496471769265117e-05
0.0
0.0
0.00017437445202421033
0.0021731619791989206
0.008763538465048515
0.02654973257151797
0.05596768042866781
0.09312247605203203
0.13428951373972903
0.15519652163709907
0.13479063658082663
0.09250238746329172
0.05641665390093575
0.04304278529778919
0.061481661348517486
0.17473949760601803
0.47762873560595936
0.8257314763812249
0.9509087027518569
0.7851633416011812
0.48069740002803024
0.22499519248006103
0.0911733933920231
0.038109780940057555
0.015995189220725462
0.005331458128945832
0.0014129219617288818
0.0
0.0
5.703837215745197e-06
0.0
0.0007398691702709485
0.004855595138375091
0.015972373871862483
0.038038890391804726
0.06669415372982064
0.089921808540111
0.09810762977859333
0.09247712761276487
0.07850272643418912
0.07286081659392916
0.0806164055395667
0.13259710375442862
0.32442774216048315
0.6769908836384615
0.936581478499793
0.9280387600183826
0.6717001672039138
0.3749751475664171
0.17445104640967893
0.0796940135783919
0.03843082549191522
0.017199513707135662
0.006337777980580879
0.0012475106824722713
0.0
0.0
3.259335551854399e-05
0.0
0.00017192995036031955
0.002846214770656854
0.010191942270648706
0.02451753685493675
0.0431992334042782
0.0583070685210113
0.06810626085766155
0.07758685314411803
0.08504013871732109
0.09732375957837235
0.13318378415376242
0.2423462652903579
0.5164466071946573
0.837480566211772
0.9628786125660422
0.8169263813878902
0.5230215018366355
0.2735829223854425
0.12522693123779785
0.0632139981943281
0.03297877194755077
0.01524717171157488
0.004959079042146468
0.0004799371600105602
0.0
0.0
0.0
5.2149368829670376e-05
6.926088047690598e-05
0.0014870718455335693
0.006126736003598306
0.014273445215458374
0.022975056305021658
0.03396716545365062
0.047561039206547355
0.06213108395722448
0.07685839164827858
0.10687035340975388
0.17983383907356645
0.3743159469510545
0.6850707764715085
0.9097514430708156
0.8916523527513681
0.6527104634449221
0.3767881529671361
0.18071385967256715
0.08201954949464002
0.040763694913155
0.020654409392101322
0.009297254661664672
0.004001649223789238
0.000726831828063531
0.00012955858818621235
0.0
4.889003327781598e-05
3.4223023294471184e-05
0.0002330424919575895
0.0008971321106479233
0.0034557105188536266
0.006551264459227342
0.010319056357171025
0.017162031348289336
0.02733278793785099
0.04072458288653275
0.06284324877530467
0.11827802784124428
0.25427624824403294
0.5139409929891693
0.7824434260831588
0.8884769450899739
0.7486172268921257
0.4897241298388911
0.2585802008402567
0.11441653004618478
0.05035184527282268
0.02285283122182712
0.010654767919012029
0.00416950500470974
0.0018838959489718425
0.0002656358474761335
0.00010348390377137715
0.0
0.0
0.00016133710981679273
0.0002517836713807523
0.0004473438044920163
0.0018961184572912966
0.002853548275648526
0.004562254938708195
0.008336565507755588
0.015701849021058565
0.031024800284214057
0.07104047768821849
0.169345297267699
0.3689910074932124
0.6240437924324748
0.8109846126768597
0.7919126106951837
0.5893929813468226
0.35420584659611287
0.1755209233045751
0.0750445714136716
0.030521232941452554
0.011378340411523706
0.00457692194869154
0.0013656615962269931
0.0009802451672202104
0.00021756064808628112
0.0
0.0
0.0
3.585269107039839e-05
6.518671103708797e-06
9.207622933988678e-05
0.0004636404822512882
0.0013933659484177555
0.0024901323616167608
0.006576524309754213
0.018020051432315005
0.04765230060199927
0.12228864023780112
0.268154499023829
0.4853321751827672
0.6915193718608524
0.7688112551375276
0.6642395481257192
0.46030618198174117
0.2658444449514522
0.12760461652287564
0.05207521894586569
0.019598384673300502
0.00677941794785715
0.002666951315304862
0.0007243873263996401
0.0006974978080968413
0.0003071923757622771
0.0
0.0
0.0
0.0
0.0
0.0
0.0005899397348856462
0.0022261261819165544
0.005528647929833024
0.013899436460883083
0.037767550707112844
0.09706056823256011
0.2063387557812464
0.3811010687361275
0.5698695613912147
0.6893853219082758
0.6810080147061219
0.5472416243224656
0.3702874082089625
0.21130598316227253
0.10063931866849624
0.041176000860464586
0.01604733858955513
0.005900212182744426
0.002195977328061901
0.0004066021100938363
0.00046771465169110623
0.0003104517113141315
0.0
0.0
0.0
0.0
0.0
8.392789046025078e-05
0.0014243296361603722
0.005478943062667245
0.012532145196880163
0.03176059528504519
0.07939578437539724
0.16732939822887705
0.30261789831524943
0.4649018451098559
0.5977254726851384
0.6432518716734406
0.5909509437406091
0.4592933434590024
0.3081881027733686
0.17708703403724116
0.08524629169097586
0.03647359449302665
0.014781086727659699
0.0054813875643311355
0.0019067112978348232
0.0002330424919575895
0.00032022971796969466
0.00019718980088719113
0.0
0.0
0.0
0.0
0.0
0.00012059541541861275
0.0035534905854092583
0.010451059447021129
0.0256648229691895
0.062286717229825525
0.129432288933578
0.23543728875431455
0.3725925732780115
0.5039380921805281
0.5804428459214305
0.5806392208884297
0.5087285006078661
0.390624847218646
0.2626519257784108
0.1566127029343798
0.07683394663163967
0.033799309672730114
0.014001290696878534
0.004849076467271382
0.0018887849522996243
0.00039437960177438226
0.0003642307479197291
0.00011815091375472196
0.0
0.0
0.0
0.0
8.555755823617797e-05
0.0005850507315578646
0.0049802647232335216
0.01484219926925697
0.038984912535730464
0.09021351907200197
0.1701756129995339
0.27792191283884865
0.40061226618341583
0.49019021482280617
0.5275723491009122
0.5051578985108095
0.431455358510614
0.3334992878351819
0.2281045985965301
0.13799945243162728
0.06907183901489843
0.03275632229613671
0.01350016785578092
0.005212492381303147
0.0015212948688280408
9.615039877970478e-05
0.00021267164475849952
3.585269107039839e-05
0.0
0.0
0.0
0.0
0.0
0.0005035673427615046
0.0034027463161359923
0.013478167340805902
0.04057954245447523
0.092473868277213
0.1711297834823393
0.2602758701611089
0.34924676755396644
0.40879890225578613
0.42511024702504147
0.39958801998624555
0.33994299422119806
0.2640061797002063
0.181791884906343
0.11242915019344156
0.060254521513244313
0.02978299343895753
0.012224137987229924
0.005355903145584741
0.002062344570435871
0.00015563327260104755
0.00020533813976682713
0.0
0.0
0.0
0.0
0.0
0.0
0.0
0.0008889837717682872
0.00583339580393141
0.021660729243736368
0.05082118959228971
0.09516037560582899
0.1384329440600239
0.18541300670445324
0.22055027362121957
0.22972448836580173
0.220026335431259
0.19193575197760182
0.14889948535091635
0.10635130422312107
0.06884368552626861
0.03907047009396664
0.018851996831925844
0.006574079808090323
0.00337504196394523
0.001475664171102079
0.00024770950194093433
0.0
4.807519938985239e-05
0.0
0.0
0.0
0.0
0.0
0.0
0.00012385475097046716
0.0007618696852459657
0.002002046862726564
0.004171134672485667
0.006079475638096418
0.009304588166656346
0.015612217293382571
0.02003920980668881
0.024376570592319048
0.02800991489874874
0.03173940960395814
0.027920283171072743
0.022617344228205636
0.016095413788944985
0.00901369246865334
0.0034345248377665727
0.0013175863968371408
0.0005369755321680122
0.0005728282232384106
9.778006655563197e-05
0.0
0.0
0.0
0.0
