0.0
0.0
0.0
0.0
0.0
0.0
0.0
0.0
0.0
0.0
0.0
0.0
0.0
0.0
0.0
0.0
0.0
0.0
0.0
0.0
0.0
0.0
0.0
0.0
0.0
0.0
0.0
0.0
0.0
0.0
0.0
0.0
0.0
0.0
0.0
0.0
0.0
0.0
0.0
0.0
0.0
0.0
0.0
0.0
0.0
0.0
0.0
0.0
0.0
0.0
0.0
0.0
0.0
0.0
0.0
0.0
0.0
0.0
0.0
0.0
0.0
0.0
0.0
0.0
0.0
0.0
0.0
0.0
0.0
0.0
0.0
0.0
0.0
4.9820525574402535e-05
0.00017517539637451214
8.839125505135935e-06
0.0
0.0
0.0
0.0
0.0
0.0
0.0
0.0
0.0
0.0
0.0
0.0
0.0
0.0
0.0
0.0
6.26774354000548e-05
0.000156693588500137
0.0003672254868951929
0.000626774354000548
0.001093640892044546
0.001955053850363248
0.0026155775926561334
0.003703593586651956
0.004069211959818943
0.0041439427481805464
0.003325921860523421
0.002018534842627406
0.0014809553005423206
0.0015870248066039516
0.0008927516760187293
0.0006002569774851403
0.0001960678748411971
3.37493882923372e-05
0.0
0.0
0.0
0.0
2.5713819651304534e-05
0.0
0.0
3.2945831428233936e-05
0.00015508647477193048
0.0011442649744830518
0.003591095625677499
0.008524934771271557
0.018132260638490213
0.035076060674971696
0.061510670833376864
0.0975791242355161
0.13360659623758606
0.1580700814083459
0.16130439778636155
0.1412644931524902
0.11005916589190394
0.07818286864979145
0.05176674029926064
0.03002409867035446
0.014086351827730267
0.006194619865372084
0.00281405613808964
0.0012575664923216124
0.00042829580856704115
4.740985498209274e-05
0.0
0.0
0.0
0.0
3.9374286341060075e-05
0.0004909732439670959
0.002660576777045916
0.009410454435513357
0.025038028328593687
0.05557640339197424
0.1068794913806473
0.19617635501785102
0.3166930099391949
0.445966024008672
0.5580614029942136
0.6306764261326334
0.6467250638225039
0.5998535919393604
0.4934827520536905
0.3662371119523459
0.244280483130529
0.14866525187088125
0.08150155849853793
0.04034819726035323
0.01696549607181227
0.006371402375474801
0.0013821178062576186
3.7767172612853535e-05
0.0
0.0
0.0
0.0
0.0005793644990184553
0.002966731942269261
0.01233138363652873
0.03596077678234939
0.0840038345733555
0.16291713641261682
0.2835993240479659
0.4449109538461044
0.6104983097181363
0.7480479594878772
0.8356597643810564
0.8758303755744428
0.8690338916178573
0.8228245505907349
0.7222923548796393
0.5840661102303235
0.4271097586356247
0.28395771040935597
0.17016039798564367
0.09204101032811639
0.04077890373951258
0.014827231256433478
0.003110568620943746
0.0002603524239694584
0.0
0.0
0.0
7.633790208981035e-05
0.0026501305378125737
0.010381151127350104
0.033231094114990596
0.08404963731460939
0.16917845149770946
0.29408734823824173
0.45527040893812376
0.6216187331604615
0.741752091457628
0.7919068966874976
0.7772492159293899
0.7527343031193274
0.7289988404674451
0.719232410341134
0.7078058317335856
0.6379920078234297
0.5157019029030099
0.3712778241608657
0.2395836932598454
0.1400125515582173
0.06513953363166722
0.020767123595884826
0.004523221588037288
0.0003841001810413615
0.0
0.0
0.0
0.0010711412998496545
0.006307117826346541
0.021300685353649398
0.05959499126935467
0.13223090688624126
0.2426131026375147
0.39812787321801224
0.5639217432041187
0.678451095931029
0.7125411923337461
0.6494555500467268
0.5416190224409325
0.47375462748309116
0.47156814925586615
0.5212617128457404
0.6012132101534231
0.6251760793978467
0.5433611337223084
0.4152492593214605
0.2842325268568793
0.16731500312985398
0.08022068885715733
0.026829960135543972
0.005453740436668871
0.0005833822833389717
0.0
0.0
0.0
0.0014568485946192227
0.009695717122270017
0.029545982336213014
0.078023764390699
0.1621232222308828
0.2948097458590706
0.45845651190429315
0.6026724694186346
0.6587189535761093
0.6072165834851386
0.4674852768293575
0.33349136618327363
0.27839388268230497
0.3297315236161345
0.44661047661368286
0.5747641359714641
0.6273794323192178
0.5582108645709368
0.42265564293790037
0.2806374134468813
0.16364435537463026
0.07670191334924913
0.02539561113311964
0.005303475303081561
0.0005520435656389442
0.0
0.0
0.0
0.001145068531347155
0.010856053234035134
0.03245084039994632
0.08444338017801999
0.17438389286337044
0.30930671524435766
0.46911890793407945
0.6037251289106099
0.6346058191980986
0.5459984073502954
0.3861420190330479
0.2651842113933114
0.25945163672479865
0.36247084093029386
0.5184982807900893
0.6444968006383457
0.6455245498675336
0.528822379380088
0.37286002762628495
0.23076947801749664
0.12362481287169527
0.056895843762831806
0.01978035576676601
0.003825734229995653
0.0005592755774158736
0.0
0.0
0.0
0.000623560126544135
0.008616540253779328
0.030695068651880687
0.0781965291164812
0.1613871641433642
0.29178997916377053
0.4535620470450402
0.5872248922631135
0.6394858200337976
0.5814312472729289
0.44493988189321215
0.35504918973343613
0.3920353050743812
0.5312234072900286
0.6714071164602998
0.70513159448985
0.6039565532874718
0.43376722725472033
0.2699452858131232
0.15079789178821135
0.07514863793093751
0.03487195723148947
0.011428185721276659
0.0028453948557896672
0.00011089084724625081
0.0
0.0
0.0
0.0006348099226415807
0.005759092045028113
0.02272619523056859
0.059248658260926165
0.1266550258062287
0.24160624588679333
0.39352108171610817
0.5447199483795071
0.6525789755774962
0.6782678849660136
0.6157913387819847
0.5708757243060684
0.6427579035844261
0.7533554525752792
0.7699264022268169
0.6562134632738353
0.4709968203254888
0.29160033974384214
0.16132127248050773
0.08126852700794798
0.039404821501896
0.017258794327209965
0.005363742067889306
0.001536400724165446
0.0001574971453642403
0.0
0.0
0.0
0.0003656183731669863
0.002704772404571596
0.012752447433318843
0.037107452427424754
0.08591308568246486
0.17517378926078395
0.30752924746096116
0.4700671050337213
0.6506560640016972
0.7894793514010415
0.8298146917515692
0.8308697619141368
0.8833822029832852
0.8674428490269329
0.7162255005556597
0.49970469285244207
0.3021711302911206
0.16400033106542802
0.08530800736379511
0.04303689852764276
0.02049552137581792
0.008121549225491716
0.0028582517656153194
0.0006709699815262277
4.098140006926661e-05
0.0
0.0
0.0
6.428454912826135e-05
0.0009080192564366914
0.00683585824292649
0.020584716187733384
0.052806542881410276
0.11555790551296258
0.22634107613942356
0.40069121961450166
0.6342610933033981
0.8521784828364272
0.9719422049761063
0.9998931269370742
0.9729522759542841
0.8195155034243576
0.5677611379008042
0.3347987532011697
0.18462120731204607
0.09839312733885269
0.05287886299917957
0.0272550417166546
0.012645574370393108
0.005129907020435255
0.0015637216575449572
0.00010205172174111487
0.0
0.0
0.0
0.0
6.910589031288094e-05
0.00040418910264394315
0.003955910441980382
0.014353936263476655
0.04001954250293499
0.09523434530606276
0.20462495188703278
0.39288145045228196
0.6470946999799915
0.8893068277423186
1.0
0.9956238293180936
0.8987984414211064
0.6951891854103002
0.4492758747319134
0.26021019440451215
0.1504467374385982
0.08530961447752332
0.046393355549002105
0.026087473593112552
0.012607003640916152
0.004736967713888757
0.001102480017549682
0.0
0.0
0.0
0.0
0.0
0.00018160385128733827
0.0004090104438285628
0.004557774533193728
0.01858627026670856
0.053574743243493005
0.12870168513909971
0.26549679501344753
0.4790894415038727
0.7186650991950772
0.882617216848659
0.894896369289021
0.8350161153329096
0.7437690191865273
0.598986554082993
0.4192574009596076
0.2664972233092561
0.16508915061628796
0.09913239965382771
0.05500427090473271
0.031113721778078484
0.01712620744463292
0.00639068774021328
0.0008903410054264196
0.0
0.0
0.0
0.0
1.2856909825652267e-05
8.276635700263648e-05
0.0011201582685599538
0.008944391454333463
0.03466222888995851
0.09434962919868507
0.20855836273681824
0.39449981397658596
0.605585363051009
0.7646406051747455
0.7897887207937213
0.6964780906203217
0.6331875413329563
0.6013924033341181
0.5439276413115012
0.42888802997588527
0.30310084558288813
0.19668500651282841
0.12212698287700678
0.0701288182008844
0.040479177029202056
0.021520859934413692
0.008005837037060846
0.00046204519685937837
7.392723149750054e-05
0.0
0.0
0.0
1.8481807874375136e-05
4.419562752567967e-05
0.0026212024907048556
0.019974816527879004
0.06284216455719598
0.1555123599099052
0.3138628826638232
0.5149738803841323
0.6777584299141721
0.7159522912218644
0.6133380796758773
0.4904107541622236
0.4701217469004803
0.5125206212780251
0.5133249816989924
0.4408867410706752
0.337143532130623
0.22651143019461342
0.14255821970369645
0.08271975070451848
0.049151162706604516
0.02412599128783648
0.007080943086477986
0.0003929393065464974
3.13387177000274e-05
0.0
0.0
0.0
0.0
0.00021856746703608856
0.00497883832998384
0.03320939807965981
0.09658191016716393
0.22459173284627076
0.4047298964134846
0.58301184362462
0.6638737708593317
0.5970242682208527
0.4596232764709711
0.3646404444633727
0.3929143962837102
0.4749615698929743
0.508637834510678
0.45605548399435264
0.36216147153761413
0.24913959148776144
0.15517566958384596
0.091384504370144
0.05213396578615584
0.023524127196623133
0.004802055819881123
0.00012615842766421287
0.0
0.0
0.0
0.0
0.0
0.00035115434961312757
0.006778002148711056
0.04356001404617398
0.12934774485783876
0.27684542860517797
0.44886525717435655
0.5903876920802239
0.6273633611819358
0.5336027391646384
0.4250759562125794
0.37803654094483824
0.4318788686240776
0.5132036446125129
0.5336822912941845
0.47594673060836484
0.37700718460192195
0.2580663046910846
0.15771089149009176
0.08866125015769805
0.046353177705796944
0.018112171716887632
0.003032623605125729
0.00020410344348222975
0.0
0.0
0.0
0.0
0.0
0.000216960353307882
0.006483900336449259
0.048474567827029566
0.14506049577851401
0.29108847402140836
0.4545343508506051
0.5875816715107753
0.6475535309493945
0.6170874760037832
0.5701485053440549
0.5637425500234237
0.5975272948177814
0.6223250596440082
0.5892466413331973
0.49328989840630566
0.37151326632204795
0.24115625404289548
0.14097762335200534
0.0708423766962081
0.034015365614355385
0.011240956971940599
0.0014150636376858527
0.0001398188943539684
0.0
0.0
0.0
0.0
0.0
0.0003117800632720675
0.004527239372357805
0.03971901223576037
0.1279350918907452
0.2603668879930123
0.41992274604308516
0.5770446303517892
0.7121104858545868
0.7915846703849923
0.8240258681025692
0.8206300367948688
0.7948495219238438
0.7245977595227516
0.6056512547138654
0.45950997495313256
0.31201791610384205
0.1836898849065504
0.09842848384087324
0.04594256014824017
0.019707232092132616
0.005445704868027839
0.0007947177385981308
0.0001711576120539958
0.0
0.0
0.0
0.0
0.0
0.0001374082237616586
0.00229495840387893
0.020996940859018362
0.07902740691396397
0.18011807464561133
0.3192820701553356
0.47901069293119064
0.6389000270798663
0.7777650994361441
0.8560323415566664
0.8552520878416221
0.7687363345110798
0.6368332788253928
0.478040799796218
0.3224762086901461
0.19173027488876765
0.10322250409211334
0.05023435735941571
0.022571108755796657
0.008615736696915226
0.0024805800394867845
0.0003624041457105733
6.0266764807745e-05
0.0
0.0
0.0
0.0
0.0
0.0
0.00025231685532842575
0.004721700133470796
0.02585685277311492
0.07006855143607665
0.14346623896013314
0.23994368673496366
0.3402749932300334
0.4238015150261116
0.47187109019363316
0.4626325969270379
0.401464241317769
0.3071266654720455
0.21079867927393817
0.12512344642324788
0.06839634960187775
0.035412751001030966
0.016213366847011614
0.006426044242233824
0.0026758443574638785
0.0008059675346955765
3.6160058884647e-05
0.0
0.0
0.0
0.0
0.0
0.0
0.0
0.0
0.0002571381965130454
0.002482990710079094
0.006306314269482438
0.012766911456872702
0.021377826812603307
0.031868261673471454
0.038626978457444026
0.041752814658805745
0.04323618062994037
0.04082068869644595
0.03255771346287206
0.021398719291069995
0.013040924347531915
0.007691646303196469
0.004129478724626688
0.0017131832342681646
0.00021535323957967548
6.50881059923646e-05
0.00019526431797709383
0.0
0.0
0.0
0.0
0.0
0.0
0.0
0.0
0.0
0.0
1.2053352961549002e-05
0.00016794338459758272
0.00040338554577983986
0.0005102586087055743
0.000599453420621037
0.0008413240367161203
0.0007939141817340275
0.000707933597274978
0.0004893661302388894
8.196280013853321e-05
6.348099226415807e-05
0.0001599078159565501
0.00017356828264630561
3.053516083592413e-05
0.0
1.68746941461686e-05
2.8124490243614337e-05
2.2499592194891468e-05
0.0
0.0
0.0
0.0
0.0
0.0
0.0
0.0
0.0
0.0
0.0
0.0
0.0
0.0
0.0
0.0
0.0
0.0
0.0
0.0
0.0
0.0
0.0
0.0
0.0
0.0
0.0
0.0
0.0
0.0
0.0
0.0
