0.0
0.0
0.0
0.0
0.0
0.0
0.0
0.0
0.0
0.0
0.0
0.0
0.0
0.0
0.0
0.0
0.0
0.0
0.0
0.0
0.0
0.0
0.0
0.0
0.0
0.0
0.0
0.0
0.0
0.0
0.0
0.0
0.0
0.0
0.0
0.0
0.0
0.0
0.0
0.0
0.0
2.471159180914361e-05
0.00015384958771499086
0.0
0.0
0.0
0.0
0.0
0.0
0.0
0.0
0.0
0.0
0.0
0.0
0.0
0.0
0.0
0.0
0.0
0.0
0.0
0.0
0.0
0.0
0.0
0.0
0.0
0.00011877507030846444
0.00041292272764956097
0.0006098183139998342
0.00041371987577243656
0.0004264742457384462
0.00030849632355285726
2.0725851194765608e-05
0.0002941476573410965
0.0002495073624600629
0.00014189236587185686
0.00014906669897773723
0.0
0.0
0.0
0.0
0.0
0.0
0.0
0.0
0.0
0.0
0.0
2.471159180914361e-05
0.0002080556600705317
0.00028777047235809173
0.0005548150935214178
0.0014189236587185685
0.001811120535173364
0.001552047395238794
0.001836629275105383
0.0028115414293822423
0.0036636927727362587
0.003962623318814609
0.0035648464054996846
0.004098138499703461
0.005805629778902997
0.007030846443762795
0.006230509728395692
0.003981754873763624
0.0022583206321065757
0.0006903302744102697
8.290340477906243e-05
0.0
0.0
0.0
0.0
0.0
0.0
0.00041451702389531215
0.001342397438922511
0.0019498243085537181
0.0037864535836591015
0.006948740187106608
0.00963512936119738
0.012523994158498556
0.016864465687556198
0.019760504817963254
0.017663208106677552
0.017664005254800427
0.01986811981455146
0.02818954906924985
0.03695897556900433
0.04571405340254705
0.05458631201015248
0.05891562346548987
0.04971334553501394
0.03737986977788264
0.022597554987277516
0.00855339935845519
0.0013726890675917836
0.00013152944027447404
0.0
0.0
0.0
0.0
0.00016740110580387604
0.002096499563162829
0.006831559413043895
0.014834926566714922
0.024315409192074436
0.038467179817484966
0.06126960187234151
0.0766091232008367
0.08719604742074755
0.09028021350815324
0.08057493511214281
0.07214031082399608
0.07433725105064123
0.10303856921477722
0.1413192163715093
0.1752043887787053
0.1859132766614161
0.17875010362925597
0.15122139035387
0.11734020368728837
0.07764860435306647
0.03271974185155189
0.006231306876518567
0.0002790018430064601
0.0
0.0
0.0
0.0
0.0007851909010324664
0.00586302444375004
0.01545670210255789
0.031638808996932576
0.057393867698920346
0.09143926687881436
0.14145792014488964
0.1829478856443189
0.19996221517897572
0.19590712267790752
0.1655015018270635
0.1297302769611438
0.12651218998909503
0.1712903914953861
0.2453087832968771
0.3080618778258901
0.3232220408267382
0.29071593467211704
0.23836881173912214
0.1785053791555332
0.11466098884630346
0.04991183541760996
0.010471337742093885
0.001272248404109458
0.0
0.0
0.0
0.0
0.001650893762475368
0.00907553137893871
0.02514444323986506
0.049044538259921305
0.09349351759146478
0.1563741558201379
0.23456880663737414
0.2946905152127748
0.3138882334559878
0.2929359921943256
0.239535836591012
0.17654917766199646
0.16153329847138878
0.22145492286794763
0.3304115197469533
0.416824767711037
0.42707848401558585
0.366971124106397
0.28514944933007674
0.19868677818237473
0.1159962119521201
0.04608552442780708
0.011005426984420539
0.0014619696573538509
0.0
0.0
0.0
0.00010841214471108164
0.0025070308464437627
0.012991122958503657
0.032451102934142814
0.06658657985192176
0.13086302444375003
0.22110896058261964
0.32899658182884917
0.40035010745556693
0.41669642686325403
0.37157226307163493
0.28605740104203203
0.19428572339597855
0.16991531098342572
0.25326272726692983
0.40099181169448184
0.5107160622158167
0.5067016242690152
0.41603638821751304
0.295124960939742
0.18213320026274005
0.08916659758049603
0.031252192157337905
0.00706432666492357
0.000913531748815438
0.0
0.0
0.0
0.00011797792218558885
0.0024360846635078344
0.014138219107321647
0.0389072055813123
0.08423145355177318
0.17118995083190378
0.2919905745205951
0.42566912613434177
0.5021857801529249
0.4981378619849626
0.41655533164550507
0.28492624785567155
0.16790171482504193
0.15852087571504186
0.28405097921675415
0.48103584615678946
0.6007802485826708
0.5652282394505418
0.42496285289747404
0.267282171303943
0.14204940405206334
0.05536592287432482
0.015141828594022027
0.00352578614747878
0.00036349954403127374
0.0
0.0
0.0
0.0002423330293541825
0.0032340299345063103
0.016603001103253003
0.04741516749676358
0.10845200211722542
0.22147485157101954
0.3781200377529351
0.5289890886364941
0.5926325976187592
0.5371271738229311
0.39683069849307123
0.22382245279288818
0.11512891479443144
0.149850295582524
0.33278462970875394
0.5764648393905962
0.6798876340005995
0.592685209394869
0.3975457403592906
0.21640817810202223
0.0937215019546072
0.02857377446447589
0.007564935686089447
0.0019195326798844455
2.710303617777041e-05
0.0
0.0
1.0362925597382804e-05
0.00047908602184823577
0.0042041592000459154
0.01902473710054908
0.05868285621361019
0.1413359564820897
0.2895736214120363
0.480648432169072
0.6353940143741751
0.6561023283102373
0.5247299262159697
0.3172346612758197
0.1408648419414702
0.08092249169371657
0.17239763023806035
0.42364994993909794
0.6847462518095263
0.7376792786128348
0.5800121485373927
0.3423201155545919
0.1616624364672946
0.06069964096448546
0.016603798251375878
0.0035863694048173258
0.000763667901714825
0.00012196366279996685
0.0
0.0
0.00010203495972807683
0.00047669457747960895
0.004731074109266688
0.022119266113552156
0.07386374506565312
0.18996597771811566
0.38130703594819176
0.6010074357976902
0.7352575426155387
0.6789406220306233
0.47116555809934385
0.2448711489774184
0.11996042956718046
0.11645457212277358
0.2624817453079861
0.5634832822095671
0.7932963031458654
0.7624817453079862
0.5408514498530059
0.29354820195269404
0.13280328297482924
0.05184491961558329
0.017899961099171604
0.007569718574826701
0.001539293025272784
0.0003013219904469769
0.0
0.0
0.00020167847508752686
0.0002391444368626801
0.0046107047427124724
0.02803251088904336
0.09884317864408293
0.2572516564737994
0.48968012040125247
0.715903583340242
0.8113668539433323
0.7013420785796733
0.47733070168166375
0.2965454788947063
0.23375890414453254
0.2753660504180245
0.45686870651556993
0.7398220127671244
0.8882238902103833
0.7722962329968306
0.5235884101040119
0.2943007097806886
0.14756806050673113
0.06994177630110517
0.03264162133551008
0.014008283963292923
0.0028003813556619836
0.000480680318093987
0.0
0.0
9.645492286794764e-05
0.00022559291877379488
0.00590288184989382
0.03766843739836361
0.13231781976799803
0.32949001651690907
0.5798989535039443
0.7989935207800573
0.8707950436518312
0.7739558953886576
0.6160655638388104
0.5233468742227806
0.5047286826648981
0.5601830889808621
0.7223429458768311
0.9111466816317941
0.9556450841469558
0.7949400225752349
0.551686287139131
0.33638455063166023
0.18803129922389658
0.10277471318610538
0.05493147714735761
0.02085419204254858
0.00401124935431002
0.00018414121638426367
0.0
0.0
4.782888737253602e-06
0.0003332079153620009
0.00816040533387752
0.0418343334885115
0.15609754542150006
0.35920450994521996
0.5913029545498026
0.791273141210007
0.8690102290047128
0.8420706081921319
0.7877082948045074
0.7547773087003935
0.7566091550867616
0.8074791625480681
0.9112503108877679
1.0
0.9676844122467461
0.7837153798570236
0.5448698735404218
0.34055841820303684
0.19918977864790924
0.11439474137326301
0.06007866257676537
0.0226437895784043
0.0049279696956169615
0.0004830717624626137
4.782888737253602e-06
0.0
0.0
0.00010681784846533043
0.006159563545459764
0.036345968662512995
0.14495341466369915
0.31378380705189113
0.4889834129418592
0.6419401947592295
0.7202918837566721
0.73938278415142
0.7365680541295462
0.7366342174237448
0.7594820769216052
0.8332119011026153
0.9322527724811713
0.971933211741673
0.8806127199331671
0.6777018538476746
0.44638062866289563
0.2728390908685088
0.15778989088636494
0.08776760262484934
0.04379292642641685
0.01776843165889713
0.0035202061106186506
0.0005580036860129202
8.768629351631603e-06
0.0
0.0
0.0002686389174090773
0.003324904820514129
0.025442576637820534
0.10000781205160418
0.20494040520633383
0.31059043167165146
0.3888113883769427
0.4366625958969192
0.45875874471490796
0.4726602108297355
0.4944327175098368
0.5655048498491796
0.6949904023366006
0.8143330421085525
0.8299738854274946
0.7022285072923111
0.5010243353378951
0.30498648036783604
0.17384843982169393
0.09338590259487657
0.04679418910904349
0.022489142842566433
0.008239322998042205
0.0015090013966035114
0.00029574195358684775
8.768629351631603e-06
0.0
0.0
0.00025110165870581406
0.002139545561798111
0.013696599047248563
0.050446721808059494
0.09773753419765448
0.14488804851762335
0.17230595820392963
0.18845458487714353
0.2001096875817077
0.22722149238882972
0.2909750078120516
0.4142715022734665
0.5669397164703557
0.6700938721629499
0.6641001154270483
0.5362861825532973
0.3566823332844416
0.20452030814557837
0.1078485609882086
0.05318970849887443
0.024434981410505773
0.010406768744140961
0.0031224291973037267
0.0005508293529070398
9.565777474507203e-05
3.188592491502401e-06
0.0
0.0
0.00017537258703263206
0.0015384958771499084
0.006543788940685803
0.020205313470527838
0.03519010388434338
0.04782490163192164
0.05585058893303318
0.06545144092494691
0.08532115503574413
0.13386907001511394
0.23220287100867937
0.3732398969446907
0.502313323852585
0.5679361516239502
0.5446530492509997
0.4377993291201398
0.28852776307482353
0.16490762647552118
0.08556986525008131
0.04117588913901625
0.016936209018615003
0.006279135763891103
0.0013455860314140133
0.00019848988259602447
1.1160073720258405e-05
0.0
0.0
0.0
0.00010203495972807683
0.0006265584245802218
0.0023284696669196286
0.006115720398701605
0.011310734715481892
0.015075665299823352
0.02124638891900337
0.03619291622292088
0.07170028506016875
0.1428481464711847
0.25411487861028387
0.374173357396578
0.4584853229087616
0.493649918053173
0.46769238372797484
0.3799008666594392
0.25922619237416217
0.1542824391457123
0.08176268581522746
0.03973623962910292
0.01763849651486841
0.006911274225331454
0.0019394613829563357
0.00019450414198164646
0.0
0.0
0.0
0.0
2.391444368626801e-06
9.007773788494284e-05
0.0004870575030769918
0.002267886409581083
0.0034365055577167125
0.008441798621252607
0.02054410142274997
0.04712500558003686
0.09646528579354502
0.17980632489206613
0.28222869860786054
0.367887047299581
0.4160810285123941
0.43674629644982116
0.4098178357109605
0.34072103642010343
0.24276508363678106
0.15497994375322846
0.08600590527329427
0.042540606725379286
0.020247562321040247
0.008179536888826534
0.002485507847126122
0.0002845818798665893
0.0
0.0
0.0
0.0
0.0
0.0
0.0
0.0006010496846482026
0.0029733624983259888
0.010227410416493951
0.02800540785286559
0.06280172056450842
0.12449620238634262
0.20520346408688278
0.28800244246184853
0.3416218137989529
0.3724036885637942
0.3883227365776199
0.3643987271138774
0.3105848516347914
0.22884687741137308
0.15439882277165215
0.09063255297846425
0.046683385519963774
0.02154452231695885
0.008730366241733574
0.0025596426225535525
0.0004097341351580585
5.1017479864038414e-05
0.0
0.0
0.0
0.0
0.0
0.0
0.00038502254334891496
0.0038055851386081157
0.013634421493664268
0.033147810393536085
0.07021599525537438
0.1278745161310894
0.1975683793659803
0.2563811707236192
0.2905341849001014
0.31515490182323724
0.3270387860390666
0.30555484697944635
0.2650549394486286
0.20164658916261183
0.13881059122881978
0.0859524963490616
0.04290330912128768
0.018799144181775283
0.007638273313394002
0.0020127990102608907
0.0002686389174090773
5.1017479864038414e-05
0.0
0.0
0.0
0.0
0.0
0.0
0.0006584443494952459
0.003940303171374092
0.01093607509773036
0.026725985115650254
0.05311716801969275
0.09045399179894012
0.1339089274212577
0.1643846973069148
0.18334406826138808
0.2020858177783163
0.2069101582179594
0.18948051451128442
0.16147510665841883
0.12365521111670888
0.08450328106167375
0.05001626182170667
0.02493479328354878
0.01092890076462448
0.004093355610966207
0.0006074268696312074
0.00011319503344833525
0.0
0.0
0.0
0.0
0.0
0.0
5.3408924232665214e-05
0.00023994158498555568
0.0012626826266349507
0.0031296035304096068
0.008224177183707567
0.017455949594729896
0.028361733063790983
0.03375922300378167
0.039596738707599693
0.04952521857801529
0.057039933932363576
0.05499843758967917
0.04832949639370189
0.036342780070021494
0.025931228437143277
0.01568309216945456
0.007429420505200595
0.0031399664560069892
0.002010407565892264
0.0009669406730481032
6.855473856730162e-05
0.0
0.0
0.0
0.0
0.0
0.0
0.0
5.420607235554082e-05
0.00020167847508752686
0.00019450414198164646
5.6597516724167625e-05
0.00039538546894629775
0.0008019310116128538
0.0015528445433616695
0.0015616131727133008
0.0017983661652073543
0.0015966876901198272
0.0017322028710086794
0.001516175729709392
0.0009111403044468111
0.0010578155590559217
0.0008330197884050023
0.0003507451740652641
7.891766416468442e-05
0.0
4.065455426665562e-05
8.928058976206724e-05
2.391444368626801e-06
0.0
0.0
0.0
0.0
0.0
0.0
0.0
0.0
0.0
0.0
0.0
0.0
0.0
0.0
0.0
0.0
0.0
0.0
0.0
0.0
0.0
0.0
0.0
0.0
0.0
0.0
0.0
0.0
0.0
0.0
0.0
